Variable	Outcome	Variable_type	pvalue_disc	pvalue_bonferroni_disc	pvalue_fdr_disc	N_disc	Beta_disc	pvalue_repl	pvalue_bonferroni_repl	pvalue_fdr_repl	N_repl	Beta_repl
LBXVIA	LBXSTR	continuous	1.6909282745714847e-11	2.842450429554666e-07	2.842450429554666e-07	2186	0.012323888631925949	9.914327190975864e-11	4.104531457064008e-08	1.3681771523546692e-08	1940	0.011011014943241238
URXUTL	URXUCR	continuous	4.07061436321277e-11	6.842702744560666e-07	3.421351372280333e-07	754	4.415660085214699	4.1766893694044203e-10	1.72914939893343e-07	3.9018250293542424e-08	660	3.851789262797322
LBXGTC	LBXSTR	continuous	9.332987745058839e-11	1.568875239944391e-06	3.922188099860977e-07	1887	0.0017726000739008807	1.0666388475751222e-12	4.415884828961006e-10	4.415884828961006e-10	1939	0.002074402948273246
LBXVIE	LBXSTR	continuous	6.3210554688916855e-09	0.00010625694243206923	1.0539477741670553e-05	2188	0.0006283402374439226	4.712349069268409e-10	1.9509125146771213e-07	3.9018250293542424e-08	1940	0.0007119027457090437
LBXVIA	LBXSUA	continuous	1.475431014042366e-08	0.00024801995346052173	2.0668329455043476e-05	2184	0.024689405268924415	7.429165472384527e-09	3.0756745055671942e-06	3.4174161172968824e-07	1940	0.0263898136322452
URXUCD	URXUCR	continuous	4.660049617442528e-08	0.0007833543406920889	4.487165353079361e-05	716	1.0310045413855131	2.1245158097860886e-07	8.795495452514407e-05	7.995904956831279e-06	657	1.0034580742231862
LBXVIA	LBXSBU	continuous	6.8967433169765666e-09	0.00011593425515837608	1.0539477741670553e-05	2184	0.004219054163485409	9.941761463710457e-06	0.004115889245976129	0.00012105556605812145	1940	0.006590703467276176
LBXVIE	LBDLDL	continuous	2.0305311079151564e-07	0.0034133227924053777	0.00016079290077128866	978	0.00027212610473233926	3.060404337590249e-06	0.001267007395762363	5.0680295830494524e-05	890	0.00035862486611705323
LBXVIA	LBXSCA	continuous	5.877673301384526e-07	0.009880368819627387	0.00038001418537028414	2184	0.00547775701248893	3.2797359432248413e-06	0.0013578106804950842	5.222348771134939e-05	1940	0.004971106893560822
URXUPT	LBDEONO	continuous	1.8544343613022002e-06	0.031173041613489987	0.000865917822596944	740	-3.0597960643679825	9.410188085641905e-07	0.0003895817867455749	2.5972119116371658e-05	638	-0.021680764432766383
LBXVIA	LBXFER	continuous	2.872883173318123e-06	0.048293166143477645	0.0012708727932494118	2194	0.012275105560484634	1.6678108998296997e-06	0.0006904737125294956	3.634072171207872e-05	688	0.02028360517904974
LBXRPL	LBXSTR	continuous	3.303970442358725e-06	0.05553974313605017	0.0013546278813670772	1726	0.11710385938561894	8.940247302669143e-12	3.7012623833050253e-09	1.8506311916525127e-09	1889	0.19195886879798033
taking_birth_control	LBXCRP	binary	3.45952570696405e-06	0.05815462713406568	0.0013846339793825162	327	1.082873338882889	5.59940477374644e-06	0.002318153576331026	7.993633021831123e-05	269	1.1946403931384888
LBXVIA	LBXSCR	continuous	3.542683531349786e-07	0.00595525101619899	0.00024942139405493776	2184	0.005154119005116242	0.00018148998320372274	0.07513685304634121	0.0013417295186846647	1940	0.003558348204529406
LBXVIA	LBXIRN	continuous	4.398374507228988e-06	0.07393667546651929	0.0016073190318808541	2190	0.005434550568867468	2.0503862190787774e-06	0.0008488598946986139	4.2442994734930695e-05	759	0.012303239737408957
LBXVIA	LBXSIR	continuous	6.046124532833354e-06	0.10163535339692868	0.002032707067938574	2184	0.005380829031472698	1.6310880730877969e-09	6.752704622583479e-07	1.1254507704305799e-07	1940	0.007246947913818706
LBXFOL	LBXHCY	continuous	5.982632098565094e-06	0.10056804557687923	0.002032707067938574	2200	-0.011161574831923114	1.3814671075772297e-05	0.005719273825369731	0.00015457496825323599	1808	-0.010872308125313498
SMD410	LBDNENO	binary	7.640388147439123e-06	0.12843492475845167	0.0023784245325639197	2208	0.1556668543444302	5.602938158514215e-05	0.023196163976248848	0.0004548267446323304	1961	0.12844505315593788
URXUPT	LBXEOPCT	continuous	1.0124591769256066e-05	0.17019438764119446	0.002883671720449614	740	-10.403140413713599	3.044455808304169e-09	1.260404704637926e-06	1.5755058807974076e-07	638	-0.10165781548168126
LBXVIE	LBXSCLSI	continuous	8.387178640873998e-06	0.14098847295309191	0.002517651302733784	2184	-0.0006639708988437565	4.9594610510920674e-05	0.020532168751521158	0.0004106433750304232	1940	-0.0006745710826631442
URXUMO	URXUCR	continuous	1.1254358145489874e-05	0.18918576042568477	0.0031014059086177837	716	0.007344551509025356	2.971975037308323e-09	1.2303976654456456e-06	1.5755058807974076e-07	660	0.007856852480532719
LBXVIA	LBXSAPSI	continuous	1.1783250774555383e-05	0.19807644552027598	0.0031440705638139045	2184	-0.0030380343556125748	2.8068283895439103e-06	0.0011620269532711788	4.841778971963245e-05	1940	-0.0030418831594891515
supplement_count	LBXHCY	continuous	1.4417209216722473e-05	0.24235328693310476	0.0037285121066631503	2215	-0.029298596613511158	2.3733389112862777e-06	0.000982562309272519	4.466192314875086e-05	1820	-0.032240925647198146
LBXVIA	LBXSAL	continuous	4.687417546095247e-09	7.87954889498611e-05	9.849436118732638e-06	2184	0.005718315344307702	0.0006314779260586545	0.261431861388283	0.003844586196886514	1940	0.004400642142598228
LBXRBF	LBXHCY	continuous	1.698854073889897e-06	0.028557736982089167	0.0008399334406496814	2210	-0.0004628809526241305	0.00047920578093387444	0.19839119330662403	0.003149066560422603	1809	-0.0003606135037493348
LBXVIA	LBXHGB	continuous	8.824134750167002e-07	0.01483337051503073	0.0005493840931492863	2192	0.017914035896555214	0.0007244114415615138	0.2999063368064667	0.004224032912767136	1942	0.010823870176730671
VITAMIN_C_mg	LBXHCY	continuous	1.0292700965316886e-05	0.17302030322697684	0.002883671720449614	2184	-0.00010398654574377927	0.0005208403174928329	0.21562789144203282	0.0033691858037817627	1801	-7.486185755642316e-05
CALCIUM_mg	LBXIRN	continuous	2.0283758862223332e-09	3.409699864739742e-05	4.87099980677106e-06	2152	1.1081828841510802e-05	0.001149153665027353	0.47574961732132415	0.006259863385806897	747	0.00014328454009917424
URXUPT	LBXRBCSI	continuous	3.6519252334301675e-05	0.6138886317396112	0.007222219196936603	746	2.567299888242527	7.057646980226226e-05	0.029218658498136575	0.0005512954433610674	640	0.029737935028741447
LBXGTC	LBXGH	continuous	4.003650164972879e-05	0.673013592731941	0.007825739450371407	1892	0.00024594003297982996	8.39056289191416e-06	0.0034736930372524623	0.00010526342537128675	1938	0.0002050507103775875
URXP14	LBXSAL	continuous	2.1043687191959254e-07	0.0035374438169683505	0.00016079290077128866	648	-0.003686355005297021	0.0018074798385896535	0.7482966531761166	0.009168715907483306	303	-0.019293434142186257
LBXGHC	LBXSGTSI	continuous	4.251963298750991e-05	0.7147550305200416	0.00814974893858008	696	-1.2086945873597545	0.0004184597905191726	0.17324235327493748	0.0028400385782776636	303	2.9976606322884476
LBXVIA	LBXHCY	continuous	7.713935102406872e-05	1.0	0.01189644486894124	2190	0.00409370633472188	6.454518048018967e-05	0.026721704718798523	0.0005138789368999716	1800	0.002418293326470045
LBXHA	LBXSCR	binary	8.270477810222104e-05	1.0	0.012392468239621415	2189	-0.07409707282188152	2.264287578284175e-06	0.0009374150574096485	4.4638812257602306e-05	1952	-0.07200928039075774
URXUPT	LBXHCT	continuous	8.330451582850803e-05	1.0	0.012392468239621415	746	87.28206076688278	1.612316099867908e-05	0.0066749886534531394	0.000164695221655455	640	0.28334735604225925
URXUTL	URXUMA	continuous	0.00010127420723951137	1.0	0.014228401138112133	755	4.322207669497735	2.565291732398098e-06	0.0010620307772128126	4.617525118316577e-05	660	3.509437857671754
URXUCD	URXUMA	continuous	9.140285393109794e-05	1.0	0.01324553426363583	717	1.377056915935691	0.00023279634106093694	0.09637768519922789	0.0016908365824425946	657	1.16811640028893
LBXVIA	LBXSGTSI	continuous	0.00010598940204498368	1.0	0.01467676196300008	2184	0.005571407522065529	2.9971401624102473e-05	0.012408160272378423	0.00026974261461692225	1940	0.0057962699486862005
total_days_drink_year	LBXSGTSI	continuous	0.00011780739623398087	1.0	0.015842738645545747	1100	0.0018004812395671032	7.900697409782321e-06	0.003270888727649881	0.00010526342537128675	941	0.001658885147840779
LBXVIA	LBXRDW	continuous	0.00014312534368956468	1.0	0.017821755758678386	2192	-0.0006068412565658572	1.1377940185975244e-05	0.004710467236993751	0.00013084631213871532	1942	-0.0007183057206463548
URXP14	LBXNEPCT	continuous	5.230391675335395e-05	0.87922884062388	0.009255040427619788	653	0.04782298942022582	0.0018355651024719822	0.7599239524234006	0.009168715907483306	303	0.39267114064024566
LBXBCD	LBXRDW	continuous	0.00015086016897306243	1.0	0.018446138880578382	2221	0.020147195393524706	8.206367845674342e-06	0.0033974362881091773	0.00010526342537128675	1966	0.03187084228937561
LBXVIA	LBXHCT	continuous	7.236832202482323e-06	0.12165114932372785	0.0023394451793024586	2192	0.04345325825158358	0.0038342656781484956	1.0	0.0167095306224594	1942	0.02701737308865982
LBXBCD	LBXHCT	continuous	0.00010157097778545246	1.0	0.014228401138112133	2221	1.1430914090524185	0.0009945032877760815	0.4117243611392977	0.005718393904712469	1966	0.881391047190885
LBXRBF	LBXEPP	continuous	0.00013758719511464476	1.0	0.017521520832402868	2212	0.0005411801913819023	0.0005768917005381972	0.23883316402281363	0.003596239243945855	688	0.000546302014907468
URXMBP	URXUCR	continuous	0.00019031305971181802	1.0	0.02190175089022415	746	0.007687658197230777	3.953520692637568e-07	0.0001636757566751953	1.3639646389599609e-05	651	0.005416927138316659
URXP14	LBDNENO	continuous	0.00013051906375747066	1.0	0.016877118936639093	653	0.001630800421446221	0.0012711046130351928	0.5262373097965698	0.006834250776578829	303	0.014267327556748921
LBXTNA	LBXSTR	continuous	0.00019152631652962225	1.0	0.02190175089022415	699	1.5045970880603243	0.0002755096587529154	0.11406099872370698	0.001910102991717905	302	1.2348964934153908
URXP14	LBXSATSI	continuous	1.2565509455376965e-06	0.02112262139448868	0.0007283662549823682	648	-0.002514661077896607	0.006729039731822967	1.0	0.025794652305321374	303	-0.016356125938495388
CALCIUM_mg	LBXSIR	continuous	1.5553249633048303e-09	2.6145012633154198e-05	4.3575021055257e-06	2140	1.0257217889461433e-05	0.007050599169036516	1.0	0.02653589141801016	1930	8.792508638042451e-05
URXUPB	URXUCR	continuous	6.442483177723827e-06	0.10829814221753753	0.0021234929846575983	765	0.16903136664694918	0.006385957173970823	1.0	0.024708282897419824	660	0.112279598875942
URXMZP	URXUMA	continuous	0.0002749998332616793	1.0	0.027604423946089633	746	0.007844484557081057	3.196897102113791e-05	0.013235154002751095	0.0002815990213351297	651	0.010900766320740232
LBXCOT	LBXSTP	continuous	1.1657525280364334e-07	0.0019596299996292445	0.00010313842103311813	2170	-0.0008696089971587282	0.0076559644124600396	1.0	0.02829972559605765	1948	-8.881614741005012e-05
VITAMIN_B_12_mcg	LBXSTR	continuous	0.00027588002516020573	1.0	0.027604423946089633	2163	9.456811639259655e-05	0.00024428500728537343	0.1011339930161446	0.0017436895347611137	1929	-0.00012177494748262651
LBXCOT	LBDLYMNO	continuous	4.345930680592132e-05	0.7305509474075373	0.008208437611320644	2161	0.000482267378664612	0.005293734897292747	1.0	0.021277730558050458	1952	0.00031922036189901677
VITAMIN_A_IU	LBXHCY	continuous	3.478992117472837e-05	0.5848185749471839	0.007046006927074505	2194	-1.199250967979035e-05	0.005778881466079222	1.0	0.02285486430687536	1804	-8.076832214050641e-06
LBXCOT	LBXSGB	continuous	1.7552113626807257e-06	0.029505103006662998	0.0008430029430475144	2170	-0.0002528662061175649	0.008345940238097555	1.0	0.03057716158028662	1948	-0.00015590538051204529
URXUPT	LBXHGB	continuous	0.0003605723281421647	1.0	0.03281026738467603	746	25.696261557578513	3.7003632459996913e-06	0.0015319503838438723	5.67389031053286e-05	640	0.14009415561699112
URXP14	LBXSGTSI	continuous	3.882917458362921e-06	0.0652718424750807	0.0014834509653427431	648	-0.003184575137971605	0.009847502465845172	1.0	0.03341693459721231	303	-0.024812554274335544
URXP14	LBXSTP	continuous	0.00028402194188810226	1.0	0.028084757900817645	648	-0.0028473429744886158	0.0017417735198526861	0.7210942372190121	0.00912777515467104	302	-0.00292269935212755
LBXVCT	LBXSTB	continuous	0.00044644623389982787	1.0	0.03733712035749307	299	0.8050176027749298	7.620439707240052e-05	0.03154862038797381	0.000584233710888404	731	75.32875532831436
URXP14	LBXSTR	continuous	3.736586865992621e-08	0.0006281202521733596	4.2310011127882605e-05	648	0.003290958576110647	0.012240276647380657	1.0	0.03868301169477551	303	0.013345820504679811
URXMZP	URXUCR	continuous	0.000505367281129625	1.0	0.03895557299806814	746	0.006678452375364657	1.1841391364792107e-06	0.0004902336025023932	3.0639600156399576e-05	651	0.010409252463794042
URXP04	URXUMASI	continuous	1.846663969073765e-05	0.31042421320129987	0.004499534264961468	705	0.00020491733465569876	0.011294504183783636	1.0	0.03624747854330562	337	0.0004528703779062678
URXP04	URXUMA	continuous	1.8469236423696686e-05	0.3104678642823413	0.004499534264961468	705	0.00020491545408999083	0.011294504183783636	1.0	0.03624747854330562	337	0.0004528703779062678
SMQ020	LBDNENO	binary	0.00034041520453197973	1.0	0.031968601051299325	1858	0.0779470621620784	0.001828897842491337	0.7571637067914135	0.009168715907483306	1678	0.07529147219249112
LBXVIA	LBXCRP	continuous	1.415751479064305e-05	0.23798782363070967	0.0037185597442298385	2194	-0.009874862922240926	0.011842619099569561	1.0	0.037714186978629216	1942	-0.0085142198416591
LBXVCT	LBXSASSI	continuous	0.0005744641133255315	1.0	0.04240741592862356	299	-0.6460801387660898	3.8629199140222574e-08	1.5992488444052144e-05	1.5992488444052147e-06	731	-166.94457887631998
URXDMA	LBXSAPSI	continuous	0.0005646259163621068	1.0	0.04237215024128132	664	4.299110795078593e-05	7.581112649125699e-06	0.0031385806367380392	0.00010461935455793464	624	-0.00011221522524816868
LBXVIA	LBXBAP	continuous	0.0001316161774372793	1.0	0.01688906826504324	2187	-0.0031307546227849264	0.006971465865200053	1.0	0.026478778607273594	596	-0.004542875734102181
URXMZP	URXUMASI	continuous	0.00027500584606503307	1.0	0.027604423946089633	746	0.00784447839093323	0.0038343125824484127	1.0	0.0167095306224594	349	0.011031552014216909
taking_birth_control	LBXTIB	binary	0.0004878553103538157	1.0	0.03870579879825302	326	0.13901773902492542	0.001048232659881155	0.43396832119079815	0.005864436772848624	268	0.10304061085929445
LBXGTC	LBDLYMNO	continuous	0.0005786747388881233	1.0	0.04240741592862356	1883	0.0002566052363337047	0.000467906283136493	0.1937132012185081	0.0031244064712662597	1936	0.0002801645785013741
LBXCOT	LBDNENO	continuous	5.689094516895073e-07	0.009563367882900619	0.00038001418537028414	2161	0.00097517396304711	0.01575122952235922	1.0	0.04528478487678276	1952	0.0005681231014504777
LBXBCD	LBXSGTSI	continuous	3.0639002597366766e-06	0.051504163366173535	0.0012876040841543384	2187	0.1862414229093787	0.016072587974340736	1.0	0.0455756946669662	1949	0.09569830223714366
LBXBEC	LBXSUA	continuous	0.0004787609999996524	1.0	0.03832367814282932	1053	-0.011685127668679686	0.0019353093600307295	0.801218075052722	0.009344690968242204	1940	-0.007029597613231145
LBXVST	LBDEONO	continuous	3.7754322838681684e-08	0.000634650166918239	4.2310011127882605e-05	285	0.005663987732483101	0.017167294277525797	1.0	0.047699730408695844	639	-0.1590140783240626
VITAMIN_B_12_mcg	LBXCRP	continuous	0.0007236729682653437	1.0	0.047893474789529246	2175	-8.862323861038908e-05	8.78255297350388e-07	0.00036359769310306063	2.597126379307576e-05	1938	-0.0003383591472653867
LBXVOX	LBDHDL	continuous	0.0007540271487342147	1.0	0.04912866810163624	299	-0.04903669932037742	1.0592401733912109e-05	0.004385254317839613	0.00012529298050970323	759	0.3750430298600342
total_days_5drink_year	LBXSGTSI	continuous	0.0004662305829314556	1.0	0.03767950047633543	514	0.0027533705098708792	0.0026046009733284464	1.0	0.012253463669977009	431	0.0017991779259086342
SMD410	LBXMCVSI	binary	3.2148585018502233e-05	0.5404177141610226	0.006671823631617562	2221	1.523122052696745	0.01508076660924792	1.0	0.044595981258775994	1966	1.3124876573182425
URXUBE	LBXSNASI	continuous	0.00040327826515997375	1.0	0.0345872838639753	734	25.915981970595737	0.003975894112752194	1.0	0.017146043361243837	636	0.33589198140871446
LBXRST	LBXSTR	continuous	0.0008405256426391709	1.0	0.05194572078222229	1515	0.3300637043096699	5.63749866506202e-07	0.00023339244473356762	1.79532649795052e-05	1890	0.7375831468408817
DR1TALCO	LBXSUA	continuous	0.00026810836580424554	1.0	0.027481107494935167	2100	0.005757561118360961	0.006339559052969941	1.0	0.024708282897419824	1870	0.004473953190046754
VITAMIN_B_12_mcg	LBXSCA	continuous	0.00012808261286292847	1.0	0.01669045521105293	2161	-4.1543785325397816e-05	0.011070524759796016	1.0	0.03624747854330562	1929	2.6627130497608014e-05
DR1TALCO	LBDHDL	continuous	0.0007741215516652368	1.0	0.04922719193606599	2098	0.0010156251599166275	0.0006606781124668582	0.27352073856127934	0.00396406867480115	1876	0.0017791229069294896
URXMEP	URXUCR	continuous	0.0006082424614327113	1.0	0.04407136110639602	745	0.000143425062911745	0.0018603191696342943	0.7701721362285978	0.009168715907483306	651	7.180649326373305e-05
LBXRBF	LBDPCT	continuous	0.00010119544495869192	1.0	0.014228401138112133	2194	-0.0005478296605139428	0.013571520467419594	1.0	0.040714561402258785	763	-0.0006052849512661101
URXP14	LBXLYPCT	continuous	0.0007876749505277954	1.0	0.049406029546165076	653	-0.038095410100079274	0.0010423559433135861	0.4315353605318247	0.005864436772848624	303	-0.35131518411347706
LBXGTC	LBXCPSI	continuous	0.0002327386838690997	1.0	0.02460589481660104	919	0.0003943486410230366	0.008657030267309171	1.0	0.031165308962313013	477	0.00037280965077123376
SMD080	LBXSTP	continuous	0.0009133785592421896	1.0	0.05542921870347007	328	-0.007082436488404434	0.0005606537155522006	0.23211063823861106	0.0035709328959786318	872	-0.0006623648547840355
LBXCBC	LBXSUA	continuous	0.0008618266004467069	1.0	0.052873376472661104	1052	-0.22960091551767842	0.001299054609254273	0.537808608231269	0.0068949821568111405	1869	-0.11267342749358297
LBXVEB	LBDHDL	continuous	0.0009485851629856321	1.0	0.05644535542979066	279	-0.060710371117206056	0.0005820000708801263	0.24094802934437226	0.003596239243945855	735	0.33130634706858547
LBXCOT	LBXMCVSI	continuous	0.00026772659960094087	1.0	0.027481107494935167	2174	0.007351478285763602	0.009498860787645282	1.0	0.033046456857858376	1957	0.005546071343656247
URXP14	LBXRBCSI	continuous	0.00027209584246664845	1.0	0.027604423946089633	656	-0.0003330122034311176	0.00970241013983399	1.0	0.03335554257465027	304	-0.010364933289652507
LBXVCT	LBXSTR	continuous	0.0010816680753276138	1.0	0.06098978034909818	299	0.9213539728187732	2.5602583297929363e-05	0.010599469485342756	0.00023554376634095015	731	145.67643170661654
LBXBCD	LBXHGB	continuous	0.000651522166517656	1.0	0.045712532361174285	2221	0.36370535872926635	0.003492451060709824	1.0	0.015547040205740508	1966	0.2654930985420634
URXUPT	LBXSTB	continuous	0.001099339883746386	1.0	0.06098978034909818	734	-4.133617588751554	3.4214913517775844e-05	0.0141649741963592	0.00029510362909081667	636	-0.05699591514057645
URXOP4	LBDEONO	continuous	3.6506737071667405e-05	0.6136782501747291	0.007222219196936603	582	-0.003937888565947226	0.020027213381156903	1.0	0.05419128326665986	300	0.0037572632707269338
LBXVIA	LBDPCT	continuous	0.0011472582536424904	1.0	0.0626149715705528	2188	0.0036952476307596477	5.096779239190873e-06	0.0021100666050250213	7.535952160803648e-05	759	0.011141336169993793
URXUCD	LBXSCLSI	continuous	0.00013871916559583577	1.0	0.017532850929819543	685	1.310817713956503	0.0163447573848745	1.0	0.046032173859442464	633	0.7781556301862578
CALCIUM_mg	LBXHCY	continuous	0.0010959206977043568	1.0	0.06098978034909818	2168	-1.3014357839702036e-05	0.0006868322290558259	0.2843485428291119	0.004062122040415885	1800	-9.080355755357807e-05
CALCIUM_mg	LBDHDL	continuous	1.6791930481554124e-07	0.0028227235139492482	0.0001411361756974624	2138	5.360705704610653e-06	0.025636170402376843	1.0	0.06551465769496304	1937	4.697078565227428e-05
LBXODT	LBXSIR	continuous	0.0003854601852801097	1.0	0.033737655705838455	689	0.7483801193852371	0.01066540428822443	1.0	0.03560868851068479	303	1.2763224697330564
LBXGTC	LBXSGTSI	continuous	0.0013549712899407933	1.0	0.06959800766278544	1885	0.00046071517872170155	1.7954997834750036e-05	0.007433369103586515	0.0001728690489206166	1939	0.0006930284915301564
URXP14	LBXHCY	continuous	0.0003873508358849983	1.0	0.033737655705838455	654	-0.0015857214324458383	0.01112249367153012	1.0	0.03624747854330562	303	-0.006051493524518407
URXUBE	LBXSOSSI	continuous	0.00021994274784494265	1.0	0.023747717793819213	734	41.114186728590695	0.017448402996917172	1.0	0.0481575922714914	636	70.37366963098475
LBX118	LBXGH	continuous	0.001013778057165631	1.0	0.058512542306312754	693	0.5776843971097321	0.002894757672992255	1.0	0.013465501984480826	270	0.8737906332645673
DR1TALCO	LBXHCY	continuous	0.0014693897648449322	1.0	0.07283236782576034	2128	0.00114176448811891	0.00010173280206505582	0.04211738005493311	0.0007657705464533292	1741	0.0013345866649010255
LBXVIE	LBXSGTSI	continuous	0.00036720191119747896	1.0	0.03300889907609423	2186	0.0001542602567409631	0.013526774154301945	1.0	0.040714561402258785	1940	0.00011253854131319652
LBXRBF	LBXCRP	continuous	0.0011269148185276937	1.0	0.06170501009593007	2198	0.00120169918505189	0.00256778932177271	1.0	0.012219135393263242	1948	0.0010045617409666018
URXMBP	URXUMA	continuous	0.001484385689595131	1.0	0.07296072632130615	746	0.0070034674352970954	0.0002768265205388268	0.1146061795030743	0.001910102991717905	651	0.005327333207097935
VITAMIN_B_6_mg	LBXRBCSI	continuous	0.0003662800318591563	1.0	0.03300889907609423	2193	-0.00028866544093963443	0.014157962383072086	1.0	0.04216831961576866	1945	-0.0009442297540204304
LBXRST	LBDHDL	continuous	0.001323030538913653	1.0	0.0692839356982508	1512	-0.07025962733464847	0.0011100297462384267	0.45955231494270865	0.006127364199236116	1893	-0.11727819743436055
URXUPT	LBXRDW	continuous	0.0011134137015091081	1.0	0.061164981445647415	746	0.9230192703387914	0.0034835965079691588	1.0	0.015547040205740508	640	-0.004436726307985778
SMD410	LBXLYPCT	binary	0.0007642905312307723	1.0	0.04922499551720031	2208	-2.1987859823659384	0.0074032121127643406	1.0	0.027611980312472403	1961	-2.0960952120687324
LBXV4C	LBXMPSI	continuous	0.00166882516183303	1.0	0.07706854662201437	293	-0.004527370632252451	1.6310396347520906e-05	0.006752504087873655	0.000164695221655455	715	-0.001954018506196781
LBXVST	LBXSIR	continuous	4.266376600803374e-05	0.7171779065950471	0.00814974893858008	286	0.013976674086263016	0.027602682045287884	1.0	0.0692576385863587	639	0.6170068310352338
LBXVCT	LBXSUA	continuous	0.0017021868657655288	1.0	0.07767303319435367	299	2.6905327646957176	2.452950600424499e-05	0.010155215485757426	0.0002308003519490324	731	-358.41561579719377
LBXVCT	LBXGH	continuous	0.0017397095125581072	1.0	0.07800147092744479	298	-0.19216745212011738	1.3398819943088259e-06	0.0005547111456438539	3.263006739081493e-05	732	-34.432410121455575
LISINOPRIL	LBXSATSI	binary	0.00020652912702506711	1.0	0.023159067620556605	2189	-0.23214783896726282	0.020429488517888186	1.0	0.05492083276886824	1951	-0.13730513918815349
taking_birth_control	LBXSAL	binary	0.0018127347717750428	1.0	0.07935435289983976	324	-0.1591371642351892	1.7575553264071682e-05	0.007276279051325676	0.0001728690489206166	268	-0.2124406349653314
LBXFOL	LBXSPH	continuous	0.001016398712280983	1.0	0.058512542306312754	2188	0.007889501997779406	0.005173756265559917	1.0	0.021078069966867147	1941	0.007876360798340514
LBXVIE	LBXSATSI	continuous	0.0007503541579295368	1.0	0.04907958519375687	2186	8.906098038553276e-05	0.008471511648829493	1.0	0.030764963356275526	1939	9.012856741688973e-05
URXUMO	URXUMA	continuous	0.0018675375054759476	1.0	0.08070258474820226	717	0.006896534670105965	1.4797180829389623e-05	0.006126032863367304	0.00016121139114124483	660	0.006829534820804943
DR1TS060	LBXSTP	continuous	0.0014520864555988189	1.0	0.07221767254028445	2100	-0.1600525220942576	0.0018465454637817177	0.7644698220056311	0.009168715907483306	1867	-0.03050680445895584
LBXRBF	LBXSIR	continuous	0.00011216264199423664	1.0	0.015318559611639982	2184	-0.0004816539379739386	0.026113912232784996	1.0	0.06632613291026372	1939	-0.0003358618250962661
LBXF06	LBXHGB	continuous	0.0006117163068243528	1.0	0.04413283741509601	581	0.040953138936930734	0.013333924603383491	1.0	0.04059003518971151	268	0.08012285062018343
URXUCO	LBXHCY	continuous	0.0007695969943405184	1.0	0.04922719193606599	745	-0.002574935533516596	0.012931223022575176	1.0	0.03995168903989644	586	-0.008887432270793765
SMD090	LBDNENO	continuous	0.0021607977855130746	1.0	0.08946554377949453	329	0.010837958688288699	1.5806124628814302e-05	0.006543735596329121	0.000164695221655455	859	0.013363195915721361
CALCIUM_mg	LBXSTB	continuous	2.6964436210491083e-05	0.4532721726983551	0.005811181701260964	2140	7.015554905891398e-06	0.034613670137922666	1.0	0.08396303280983931	1930	4.3749550460397564e-05
DR1TFIBE	LBXSCR	continuous	0.0015095143529416481	1.0	0.0738083834643421	2100	-0.0018867888627766365	0.004381274321877661	1.0	0.018321692618761126	1870	-0.002385530217897539
URXP16	URXUCR	continuous	4.735420156464941e-05	0.7960241283017566	0.008559399229051147	676	0.007115693419918035	0.034883192375102325	1.0	0.08396303280983931	307	0.015148567851851888
LBXHE1	LBXSCR	binary	0.0019913581431609878	1.0	0.08496124463587869	1471	-0.03784010185397512	0.001941167689055144	0.8036434232688296	0.009344690968242204	1298	-0.059077144173096764
LBXRST	LBXSPH	continuous	0.0023521895863376366	1.0	0.09436827433493	1513	0.12558266304074622	1.6550520714854381e-06	0.0006851915575949714	3.634072171207872e-05	1890	0.2686871229424644
LBXVIE	LBXRDW	continuous	0.001512721619011114	1.0	0.0738083834643421	2194	-1.1097222649024203e-05	0.005193147672996254	1.0	0.021078069966867147	1942	-1.1964305447126564e-05
LBXB12	LBXHCY	continuous	0.00025324953610929556	1.0	0.026278547543192952	2200	-2.941039948864675e-06	0.02804066802922202	1.0	0.06993275038613202	1803	-8.441144594731085e-06
URXUTU	URXUCR	continuous	0.001091115371272303	1.0	0.06098978034909818	723	0.5451012057118825	0.01127008888951685	1.0	0.03624747854330562	660	0.4294829174628291
LBXCOT	LBXMCHSI	continuous	0.0019054604154273944	1.0	0.08192017796249233	2174	0.002563881412398027	0.0033841002518739684	1.0	0.01548443633023775	1957	0.002160944073368611
CALCIUM_mg	LBXSC3SI	continuous	0.001565700889235595	1.0	0.07497001813823315	2140	-3.295904330613711e-05	0.005796523556091578	1.0	0.02285486430687536	1929	0.00048179308393978936
URXP03	URXUMASI	continuous	4.55950440679118e-05	0.7664526907815974	0.008425106161446183	705	0.000411495547515626	0.03867364864042374	1.0	0.08944631584991859	333	0.0005227506387207479
URXP03	URXUMA	continuous	4.5608843586650954e-05	0.7666846606916026	0.008425106161446183	705	0.00041149082125631337	0.03867364864042374	1.0	0.08944631584991859	333	0.0005227506387207479
DR1TCALC	LBXSGTSI	continuous	0.0003018952763211042	1.0	0.02950499764510326	2100	-0.00010908032824136496	0.027202694410233742	1.0	0.06867021637705348	1870	-5.4759377382838245e-05
THIAMIN_mg	LBXMMA	continuous	0.00011299829814654122	1.0	0.015318559611639982	2191	-0.001963818928932015	0.03416387031338994	1.0	0.08369137461386648	929	-0.0035476791159523664
CALCIUM_mg	LBDPCT	continuous	3.56104310369929e-07	0.005986113457318507	0.00024942139405493776	2150	8.177464562843772e-06	0.04647506131290479	1.0	0.09969261856757815	747	0.0001246244743279473
LBXCRY	LBXSUA	continuous	0.002563187632230151	1.0	0.0997388520782149	1050	-0.015232750011876944	4.367388595317789e-05	0.018080988784615646	0.00036899977111460507	1938	-0.012630282468510322
SELENIUM_mcg	LBXGH	continuous	5.932736011564289e-05	0.9972929235439569	0.010176458403509765	2206	-0.00019899833671467527	0.04060492742152397	1.0	0.09087014549848747	1966	-0.00015204165953706147
quantity_drink_per_day	LBXSGTSI	continuous	0.0013621501797178113	1.0	0.06959800766278544	1096	0.01862332266968253	0.009344300983758219	1.0	0.03285101573530444	941	0.01120777626958781
LBXGHC	LBXSIR	continuous	0.0005704463711763365	1.0	0.04240741592862356	696	-1.237313455669578	0.02366745381847374	1.0	0.061624691074516534	303	0.8183408503235833
URXUCO	LBXSTR	continuous	0.0021789098481464477	1.0	0.08999379495661372	735	0.029315754783818097	0.003403583831042597	1.0	0.01548443633023775	636	0.04201284227326928
LBXHXC	LBXSTR	continuous	0.0007843876598153789	1.0	0.049384106971897074	584	0.002739454815197641	0.02155897935459654	1.0	0.05686251552805038	266	0.005057666017838168
LBXVIA	LBXSGB	continuous	0.001269510217684463	1.0	0.06710838603545856	2184	-0.0008458148999546568	0.012753422579834474	1.0	0.039698623669559945	1937	-0.0008112714882395472
SMD410	LBDMONO	binary	0.0015851918455786593	1.0	0.07527422294965329	2208	0.090747152574524	0.009363332987357304	1.0	0.03285101573530444	1961	0.02384698459702403
DR1TVB2	LBXHCY	continuous	0.00014083652210917377	1.0	0.017667626392949335	2128	-0.029537008778881227	0.040129384191073675	1.0	0.09087014549848747	1741	-0.019717276438973884
LBXVST	LBXCRP	continuous	0.0011712058691212763	1.0	0.06371511540429986	286	-0.011722298953454453	0.015544553179518038	1.0	0.04528478487678276	640	-1.6702077219687057
VITAMIN_A_IU	LBXMMA	continuous	0.0015516264513823668	1.0	0.07495069151648731	2195	-1.2995480305602138e-05	0.010121930305155702	1.0	0.03406893614906066	933	-1.0535070244590794e-05
LBXF01	LBXHGB	continuous	0.00022038334181057685	1.0	0.023747717793819213	586	0.052428373007150635	0.03575413205549991	1.0	0.08533027786831496	267	0.0565144345482987
DSDCOUNT	LBXSUA	continuous	0.002132508561871868	1.0	0.08895153579420868	2189	-0.01634942176435676	0.004892339770904785	1.0	0.02025428665154581	1952	-0.04947230877496558
LBXRBF	LBXSTR	continuous	0.0013892979092230738	1.0	0.07055618687021109	2186	0.0005361266011204857	0.012728631836399558	1.0	0.039698623669559945	1939	0.0004296502183481585
total_days_drink_year	LBXSASSI	continuous	0.0017427374002448196	1.0	0.07800147092744479	1100	0.0006773483185158888	0.009225460362902385	1.0	0.03285101573530444	941	0.0006352374432001311
URXOP2	URXUCR	continuous	0.0011100398628062758	1.0	0.061164981445647415	594	0.019683073289779973	0.018774926388208435	1.0	0.051136970557357185	312	0.010144366112208824
LBXVBF	LBXMOPCT	continuous	0.0023685650858599238	1.0	0.09479899784120314	316	-0.0025483485704634783	0.004258355592098845	1.0	0.018174837269370327	691	0.0006180416984115204
DR1TFIBE	LBXSUA	continuous	0.000827262835374988	1.0	0.05150477134316129	2100	-0.011883397806077518	0.02360048083045997	1.0	0.061624691074516534	1870	-0.011534894310419805
URXP14	LBXCRP	continuous	0.0002141223550539186	1.0	0.023594441356782608	651	0.010339084344829387	0.04012918087553655	1.0	0.09087014549848747	302	0.030188809084970004
LBXCOT	LBXHCY	continuous	0.0015743257824388044	1.0	0.07497001813823315	2172	0.0004314817359390214	0.013160280405012723	1.0	0.040358193242039014	1814	0.0003334824577169108
total_days_drink_year	LBXSBU	continuous	0.0012412039606164835	1.0	0.0663659415723722	1100	-0.00039210929121950464	0.017911661745585675	1.0	0.04910879445478457	941	-0.0004932968149736477
LBXF06	LBXHCT	continuous	0.001353752415519214	1.0	0.06959800766278544	581	0.11556964621618075	0.01647912783757124	1.0	0.04609701976185469	268	0.24207422149624164
URXUTU	URXUMA	continuous	0.0025151561354448387	1.0	0.0985542532326987	724	0.6025941298469887	0.004358084330414681	1.0	0.018321692618761126	660	0.6134447488799517
URXP14	LBDHDL	continuous	0.001741681329041716	1.0	0.07800147092744479	648	0.0007846658637938476	0.015923706928902687	1.0	0.04546492874872905	303	0.007359906821528787
LBX157	LBXHCT	continuous	0.0005744698720577608	1.0	0.04240741592862356	686	139.9726332447777	0.03311292301389197	1.0	0.08159970314137664	270	102.29089936308496
LBXVIE	LBXBAP	continuous	0.0013608126696499818	1.0	0.06959800766278544	2189	-7.6194111140358e-05	0.02104105650879254	1.0	0.05619998319122652	596	-9.822801506556648e-05
LBXF01	LBXHCT	continuous	0.00028046801462260393	1.0	0.027897439797668476	586	0.148442324128701	0.045523810395332855	1.0	0.09816071616493646	267	0.18042619117060746
LBXVTC	LBXMMA	continuous	0.0023354961161577764	1.0	0.09436827433493	296	-0.44620896884944367	0.009748842153460585	1.0	0.03335554257465027	204	2.0859021961873214
URXUPB	URXUMA	continuous	0.0003571015857987588	1.0	0.03280261014905539	766	0.14290774213920804	0.043675039208316495	1.0	0.09619640578892656	660	0.0848637730233055
FOLIC_ACID_mcg	LBXMCHSI	continuous	0.0020289209061915467	1.0	0.08612666776030278	2193	0.0005057018883524786	0.015323059796897907	1.0	0.04499111174408321	1937	0.00026975121044699456
IRON_mg	LBXSPH	continuous	0.0020535051491575584	1.0	0.08685779853967103	2158	0.0015044719045560965	0.015652346697041616	1.0	0.04528478487678276	1924	0.00314619724215567
SELENIUM_mcg	LBXHCY	continuous	0.0015941675854093521	1.0	0.0754872031288203	2202	-0.00043129657079515004	0.02156380419783553	1.0	0.05686251552805038	1820	-0.00034209629218627936
DR1TCALC	LBXSUA	continuous	0.0006864180878137694	1.0	0.046154752224597854	2100	-0.0002121721000278706	0.03811936424063115	1.0	0.08944631584991859	1870	-0.0001818380369382585
LBXTHG	LBXTIB	continuous	0.0010524345977912628	1.0	0.06017491696894941	790	-0.014076654116158898	0.03606956190085777	1.0	0.08533027786831496	766	-0.014543619362673676
SMD070	LBXMCVSI	continuous	0.00214581964420938	1.0	0.08928521836425662	221	0.13019581265950858	0.024065048679260126	1.0	0.06226831345758558	760	0.06924871733776775
URXP04	URXUCR	continuous	0.001107599520548158	1.0	0.061164981445647415	705	0.00012971875776513782	0.03999299146523792	1.0	0.09087014549848747	337	0.0002932431461659074
URXMBP	URXUMASI	continuous	0.0014843883641812434	1.0	0.07296072632130615	746	0.007003488225575757	0.03241285044425453	1.0	0.08035281487378068	349	0.004919443795587941
DR1TIRON	LBXGH	continuous	0.0013578721326108461	1.0	0.06959800766278544	2132	-0.0010343544509277037	0.034743435237340935	1.0	0.08396303280983931	1883	-0.0010937877863336938
CALCIUM_mg	LBXSAPSI	continuous	0.0013355326251689224	1.0	0.06953317334840466	2140	-5.240890875577024e-06	0.035952316960368144	1.0	0.08533027786831496	1930	-5.270149085470645e-05
total_days_5drink_year	LBXSUA	continuous	0.002213638086466511	1.0	0.09066063667622634	514	0.0031105625583031093	0.025084915551878556	1.0	0.06450406856197342	431	0.0015539248460956995
DR1TIRON	LBXSUA	continuous	0.0010033131554265003	1.0	0.05835880326200508	2100	-0.010358853110854386	0.044977820185957626	1.0	0.09749119139783485	1870	-0.010662161806273066
RHQ540	LBXRDW	binary	0.0017792363036295685	1.0	0.07860082139477347	918	-0.029879376063380217	0.0384621796243379	1.0	0.08944631584991859	798	-0.023855586005243967
taking_birth_control	LBXMOPCT	binary	0.0016190348262543834	1.0	0.0757756882149018	327	-0.14534259816421902	0.04446144311668837	1.0	0.09720851249437959	270	-0.10033306698434623
LBXF02	LBXHGB	continuous	0.0018388785160808425	1.0	0.08028973468914016	592	0.036073609457619636	0.04362374267177495	1.0	0.09619640578892656	267	0.03506067932578572
URXP06	URXUMASI	continuous	0.0020614459327722105	1.0	0.08685779853967103	689	0.0005684176469815585	0.04060622443772991	1.0	0.09087014549848747	330	0.0011630988435463467
URXP06	URXUMA	continuous	0.0020616455453497167	1.0	0.08685779853967103	689	0.0005684143033920352	0.04060622443772991	1.0	0.09087014549848747	330	0.0011630988435463467
LBXVIA	LBDLDL	continuous	0.0020916417711527545	1.0	0.08790124543269451	979	0.0021933936803149867	0.04368339200076859	1.0	0.09619640578892656	890	0.0032952647451540908
URXP14	LBXEOPCT	continuous	0.0021572842849697346	1.0	0.08946554377949453	653	-0.0017807809718206095	0.04461260235249305	1.0	0.09720851249437959	303	-0.009774540450227374
