Variable	Outcome	Variable_type	pvalue_disc	pvalue_bonferroni_disc	pvalue_fdr_disc	N_disc	Beta_disc	pvalue_repl	pvalue_bonferroni_repl	pvalue_fdr_repl	N_repl	Beta_repl
LBXVIA	LBXSTR	continuous	1.6909282745730408e-11	2.8424504295572817e-07	2.8424504295572817e-07	2186.0	0.373359825338373	9.914327190975827e-11	4.094617129873018e-08	1.3648723766243391e-08	1940.0	0.0110110149432411
URXUTL	URXUCR	continuous	4.070614363212523e-11	6.842702744560251e-07	3.421351372280126e-07	754.0	0.8545828973460445	4.1766893694045987e-10	1.7249727095640998e-07	3.8924003312180745e-08	660.0	3.85178926279732
LBXGTC	LBXSTR	continuous	9.332987745000715e-11	1.5688752399346206e-06	3.9221880998365525e-07	1887.0	0.4150642016692871	1.066638847574822e-12	4.4052184404840144e-10	4.4052184404840144e-10	1939.0	0.0020744029482732
LBXVIE	LBXSTR	continuous	6.3210554688943134e-09	0.0001062569424321	1.0539477741706216e-05	2188.0	0.6807551486824782	4.712349069271275e-10	1.946200165609037e-07	3.8924003312180745e-08	1940.0	0.000711902745709
LBXVIA	LBXSUA	continuous	1.4754310140436402e-08	0.0002480199534607	2.0668329455061325e-05	2184.0	0.2957794183357647	7.429165472383593e-09	3.068245340094424e-06	3.4091614889938044e-07	1940.0	0.0263898136322452
URXUCD	URXUCR	continuous	4.660049617442193e-08	0.000783354340692	4.487165352639303e-05	716.0	1.2684009235711895	2.1245158097860659e-07	8.774250294416452e-05	7.97659117674223e-06	657.0	1.0034580742231871
LBXVIA	LBXSBU	continuous	6.896743316999903e-09	0.0001159342551587	1.0539477741706216e-05	2184.0	0.1999805871583648	9.941761463710749e-06	0.0041059474845125	0.0001207631613091	1940.0	0.0065907034672761
LBXVIE	LBDLDL	continuous	2.0305311079139825e-07	0.0034133227924034	0.0001607929007712	978.0	0.5742600729798831	3.0604043375901007e-06	0.0012639469914247	5.055787965698846e-05	890.0	0.000358624866117
LBXVIA	LBXSCA	continuous	5.877673301486839e-07	0.0098803688197993	0.0003800141853768	2184.0	0.2394746069687809	3.2797359432287194e-06	0.0013545309445534	5.209734402128696e-05	1940.0	0.0049711068935605
URXUPT	LBDEONO	continuous	1.8544343612795929e-06	0.0311730416131099	0.0008659178225863	740.0	-35.0062748667526	9.410188085641904e-07	0.000388640767937	2.5909384529134048e-05	638.0	-0.0216807644327663
LBXVIA	LBXFER	continuous	2.8728831733227017e-06	0.0482931661435546	0.0012708727932514	2194.0	0.1890381546078991	1.6678108998297422e-06	0.0006888059016296	3.625294219103598e-05	688.0	0.0202836051790497
LBXRPL	LBXSTR	continuous	3.303970442358761e-06	0.0555397431360507	0.001354627881367	1726.0	0.465095696546867	8.940247302669143e-12	3.692322136002356e-09	1.846161068001178e-09	1889.0	0.1919588687979804
taking_birth_control	LBXCRP	binary	3.459525706963952e-06	0.058154627134064	0.0013846339793824	327.0	0.8203680157626384	5.599404773746358e-06	0.0023125541715572	7.974324729507745e-05	269.0	1.19464039313849
LBXVIA	LBXSCR	continuous	3.54268353134592e-07	0.0059552510161924	0.0002494213940182	2184.0	0.2663677132277837	0.0001814899832036	0.0749553630631131	0.001338488626127	1940.0	0.0035583482045294
LBXVIA	LBXIRN	continuous	4.398374507264364e-06	0.0739366754671139	0.0016073190318937	2190.0	0.2057126454783413	2.050386219079409e-06	0.0008468095084797	4.234047542398979e-05	759.0	0.0123032397374086
LBXVIA	LBXSIR	continuous	6.04612453285504e-06	0.1016353533972932	0.0020327070679458	2184.0	0.2116701588584773	1.6310880730885562e-09	6.736393741855738e-07	1.1227322903092897e-07	1940.0	0.0072469479138185
LBXFOL	LBXHCY	continuous	5.982632098580205e-06	0.1005680455771332	0.0020327070679458	2200.0	-0.2865423076518202	1.3814671075771162e-05	0.0057054591542934	0.0001542015987646	1808.0	-0.0108723081253135
SMD410	LBDNENO	binary	7.640388147439233e-06	0.1284349247584535	0.0023784245325639	2208.0	0.3959598745284608	5.602938158514276e-05	0.0231401345946639	0.0004537281293071	1961.0	0.1284450531559376
URXUPT	LBXEOPCT	continuous	1.0124591769207833e-05	0.1701943876403836	0.0028836717204571	740.0	-31.504123816948173	3.0444558083037886e-09	1.2573602488294649e-06	1.5717003110368308e-07	638.0	-0.1016578154816812
LBXVIE	LBXSCLSI	continuous	8.387178640900991e-06	0.1409884729535456	0.0025176513027418	2184.0	-0.1465642639641123	4.959461051033954e-05	0.0204825741407702	0.0004096514828154	1940.0	-0.0006745710826638
URXUMO	URXUCR	continuous	1.1254358145496344e-05	0.1891857604257935	0.0031014059086195	716.0	0.5411058529330638	2.971975037308365e-09	1.227425690408355e-06	1.5717003110368308e-07	660.0	0.0078568524805327
LBXVIA	LBXSAPSI	continuous	1.178325077444816e-05	0.1980764455184735	0.0031440705637852	2184.0	-0.1677223195730374	2.8068283895417245e-06	0.0011592201248807	4.830083853669717e-05	1940.0	-0.0030418831594892
supplement_count	LBXHCY	continuous	1.4417209216722708e-05	0.2423532869331087	0.0037285121066632	2215.0	-0.1330407712012018	2.373338911286148e-06	0.0009801889703611	4.4554044107326326e-05	1820.0	-0.0322409256471981
LBXVIA	LBXSAL	continuous	4.687417546153535e-09	7.879548895084092e-05	9.849436118855115e-06	2184.0	0.2775376932225801	0.0006314779260588	0.2608003834623186	0.0038352997567988	1940.0	0.0044006421425981
LBXRBF	LBXHCY	continuous	1.6988540738899768e-06	0.0285577369820905	0.0008399334406497	2210.0	-0.1660893517430244	0.000479205780934	0.1979119875257557	0.0031414601194564	1809.0	-0.0003606135037493
LBXVIA	LBXHGB	continuous	8.824134750234481e-07	0.0148333705151441	0.0005493840931534	2192.0	0.2072679827748585	0.0007244114415609	0.2991819253646658	0.0042138299347136	1942.0	0.0108238701767315
VITAMIN_C_mg	LBXHCY	continuous	1.0292700965343867e-05	0.1730203032274304	0.0028836717204571	2184.0	-0.7728265017411302	0.0005208403174929	0.2151070511245993	0.0033610476738218	1801.0	-7.486185755641425e-05
CALCIUM_mg	LBXIRN	continuous	2.028375886776156e-09	3.409699865670718e-05	4.870999808101025e-06	2152.0	0.0163030264399667	0.0011491536650247	0.4746004636552297	0.0062447429428319	747.0	0.0001432845400992
URXUPT	LBXRBCSI	continuous	3.651925233420862e-05	0.613888631738047	0.0072222191969182	746.0	31.05824619039888	7.057646980222601e-05	0.0291480820283193	0.000549963811855	640.0	0.0297379350287417
LBXGTC	LBXGH	continuous	4.003650164942937e-05	0.6730135927269076	0.0078257394503128	1892.0	0.2302281582203955	8.390562891925533e-06	0.0034653024743652	0.0001050091658898	1938.0	0.0002050507103775
URXP14	LBXSAL	continuous	2.104368719194913e-07	0.0035374438169666	0.0001607929007712	648.0	-0.1588401965892103	0.001807479838589	0.7464891733372662	0.0091465692507274	303.0	-0.0192934341421867
LBXGHC	LBXSGTSI	continuous	4.251963298750644e-05	0.7147550305199832	0.0081497489387305	696.0	-0.0382832669048915	0.0004184597905191	0.1728238934843956	0.0028331785817114	303.0	2.997660632288458
LBXVIA	LBXHCY	continuous	7.713935102425818e-05	1.0	0.0118964448689704	2190.0	0.1915045196287116	6.454518048018338e-05	0.0266571595383157	0.0005126376834291	1800.0	0.00241829332647
LBXHA	LBXSCR	binary	8.270477810221679e-05	1.0	0.0123924682396644	2189.0	-0.2129145359960051	2.2642875782839124e-06	0.0009351507698312	4.4530989039583606e-05	1952.0	-0.0720092803907581
URXUPT	LBXHCT	continuous	8.33045158287975e-05	1.0	0.0123924682396644	746.0	26.332565501028352	1.6123160998661683e-05	0.0066588654924472	0.0001642974071095	640.0	0.2833473560422628
URXUTL	URXUMA	continuous	0.0001012742072395	1.0	0.0142284011380835	755.0	0.4631886385549059	2.565291732398227e-06	0.0010594654854804	4.606371676002034e-05	660.0	3.5094378576717533
URXUCD	URXUMA	continuous	9.14028539310966e-05	1.0	0.0132455342636356	717.0	0.9380836523127868	0.0002327963410609	0.0961448888581665	0.0016867524361081	657.0	1.1681164002889306
LBXVIA	LBXSGTSI	continuous	0.0001059894020451	1.0	0.0146767619629949	2184.0	0.1499161848742006	2.997140162411125e-05	0.0123781888707579	0.0002690910624077	1940.0	0.0057962699486862
total_days_drink_year	LBXSGTSI	continuous	0.0001178073962339	1.0	0.0158427386455475	1100.0	0.2836050267206254	7.900697409783483e-06	0.0032629880302405	0.0001050091658898	941.0	0.0016588851478407
LBXVIA	LBXRDW	continuous	0.0001431253436859	1.0	0.0178217557582314	2192.0	-0.133100980292295	1.1377940186001204e-05	0.0046990892968184	0.0001305302582449	1942.0	-0.0007183057206462
URXP14	LBXNEPCT	continuous	5.230391675332902e-05	0.8792288406234608	0.0092550404276153	653.0	0.0797741303613311	0.0018355651024719	0.7580883873209263	0.0091465692507274	303.0	0.3926711406402435
LBXBCD	LBXRDW	continuous	0.0001508601689742	1.0	0.0184461388806016	2221.0	0.1244324693481579	8.206367845674896e-06	0.0033892299202637	0.0001050091658898	1966.0	0.0318708422893755
LBXVIA	LBXHCT	continuous	7.236832202545086e-06	0.1216511493247829	0.0023394451793227	2192.0	0.1718925591466206	0.0038342656781456	1.0	0.016669169437381	1942.0	0.0270173730886625
LBXBCD	LBXHCT	continuous	0.0001015709777852	1.0	0.0142284011380835	2221.0	0.1273293898008081	0.0009945032877761	0.4107298578515452	0.0057045813590492	1966.0	0.8813910471908882
LBXRBF	LBXEPP	continuous	0.0001375871951147	1.0	0.0175215208324129	2212.0	0.1873752339108485	0.0005768917005383	0.2382562723223481	0.0035875526757214	688.0	0.0005463020149074
URXMBP	URXUCR	continuous	0.0001903130597118	1.0	0.0219017508902232	746.0	1.3043347278213957	3.953520692637589e-07	0.0001632804046059	1.36067003838277e-05	651.0	0.0054169271383166
URXP14	LBDNENO	continuous	0.0001305190637574	1.0	0.0168771189366339	653.0	0.0662350867880434	0.0012711046130352	0.5249662051835403	0.0068177429244615	303.0	0.0142673275567488
LBXTNA	LBXSTR	continuous	0.0001915263165296	1.0	0.0219017508902232	699.0	0.7004564695796083	0.0002755096587529	0.113785489064969	0.0019054892163757	302.0	1.2348964934153948
URXP14	LBXSATSI	continuous	1.2565509455375548e-06	0.0211226213944862	0.0007283662549822	648.0	-0.0804548148112197	0.0067290397318223	1.0	0.0257323463818762	303.0	-0.0163561259384956
CALCIUM_mg	LBXSIR	continuous	1.5553249633722416e-09	2.6145012634287382e-05	4.357502105714564e-06	2140.0	0.0156819282818092	0.0070505991690344	1.0	0.02647179506192	1930.0	8.79250863804347e-05
URXUPB	URXUCR	continuous	6.442483177723827e-06	0.1082981422175375	0.0021234929846575	765.0	0.3122184574213335	0.0063859571739708	1.0	0.0246486010546724	660.0	0.1122795988759415
URXMZP	URXUMA	continuous	0.0002749998332616	1.0	0.0276044239460525	746.0	0.2716490045735492	3.196897102113837e-05	0.0132031850317301	0.0002809188304623	651.0	0.0109007663207401
LBXCOT	LBXSTP	continuous	1.1657525280368044e-07	0.0019596299996298	0.0001031384210331	2170.0	-0.1913143118505503	0.0076559644124546	1.0	0.0282313687709264	1948.0	-8.881614741008308e-05
VITAMIN_B_12_mcg	LBXSTR	continuous	0.0002758800251598	1.0	0.0276044239460525	2163.0	0.027812601935681	0.0002442850072824	0.1008897080076609	0.00173947772427	1929.0	-0.0001217749474825
LBXCOT	LBDLYMNO	continuous	4.34593068059206e-05	0.7305509474075252	0.0082084376113205	2161.0	0.1607457706178899	0.0052937348972934	1.0	0.0212263350736137	1952.0	0.000319220361899
VITAMIN_A_IU	LBXHCY	continuous	3.4789921175098245e-05	0.5848185749534015	0.0070460069271494	2194.0	-0.1549644610940608	0.0057788814660842	1.0	0.0227996593205251	1804.0	-8.076832214055668e-06
LBXCOT	LBXSGB	continuous	1.7552113626798886e-06	0.0295051030066489	0.0008430029430471	2170.0	-0.2053127078918508	0.008345940238095	1.0	0.0305033037020643	1948.0	-0.000155905380512
URXUPT	LBXHGB	continuous	0.0003605723281418	1.0	0.0328102673846684	746.0	22.67473267224571	3.7003632459967576e-06	0.0015282500205966	5.6601852614691145e-05	640.0	0.1400941556169919
URXP14	LBXSGTSI	continuous	3.882917458361959e-06	0.0652718424750645	0.0014834509653423	648.0	-0.0760754416178619	0.0098475024658448	1.0	0.0333362173638846	303.0	-0.0248125542743357
URXP14	LBXSTP	continuous	0.0002840219418878	1.0	0.0280847579007909	648.0	-0.0910200349878238	0.0017417735198487	0.7193524636975274	0.0091057273885762	302.0	-0.0029226993521282
LBXVCT	LBXSTB	continuous	0.0004464462338998	1.0	0.0373371203574952	299.0	0.0626531344358454	7.620439702502694e-05	0.0314724159713361	0.0005828225179877	731.0	75.32875532831237
URXP14	LBXSTR	continuous	3.7365868659931214e-08	0.0006281202521734	4.2310011127900765e-05	648.0	0.0885139296300597	0.0122402766473805	1.0	0.0385895744684592	303.0	0.0133458205046794
URXMZP	URXUCR	continuous	0.0005053672811296	1.0	0.0389555729980968	746.0	0.4176628361068851	1.18413913647904e-06	0.0004890494633658	3.056559146036522e-05	651.0	0.0104092524637939
URXP04	URXUMA	continuous	1.846923642368665e-05	0.3104678642821726	0.004499534264959	705.0	0.4045459634609112	0.011294504183783	1.0	0.0361599242473054	337.0	0.0004528703779062
URXP04	URXUMASI	continuous	1.8466639690727613e-05	0.3104242132011311	0.004499534264959	705.0	0.4047723083698285	0.011294504183783	1.0	0.0361599242473054	337.0	0.0004528703779062
SMQ020	LBDNENO	binary	0.0003404152045319	1.0	0.0319686010513002	1858.0	0.1982689833589677	0.0018288978424913	0.7553348089489071	0.0091465692507274	1678.0	0.0752914721924913
LBXVIA	LBXCRP	continuous	1.4157514790705364e-05	0.2379878236317571	0.0037185597442462	2194.0	-0.1345504064639875	0.0118426190995739	1.0	0.0376230899086464	1942.0	-0.0085142198416585
LBXVCT	LBXSASSI	continuous	0.0005744641133255	1.0	0.0424074159286233	299.0	-0.059689739634609	3.862919918206295e-08	1.5953859262192e-05	1.5953859262191998e-06	731.0	-166.94457887632095
URXDMA	LBXSAPSI	continuous	0.0005646259163622	1.0	0.0423721502412906	664.0	0.053499391568128	7.581112649110276e-06	0.0031309995240825	0.0001043666508027	624.0	-0.0001122152252481
LBXVIA	LBXBAP	continuous	0.0001316161774366	1.0	0.016889068264959	2187.0	-0.1345534391015209	0.0069714658651982	1.0	0.0264148202048338	596.0	-0.0045428757341022
URXMZP	URXUMASI	continuous	0.000275005846065	1.0	0.0276044239460525	746.0	0.2717982851433729	0.0038343125824484	1.0	0.016669169437381	349.0	0.0110315520142169
taking_birth_control	LBXTIB	binary	0.0004878553103537	1.0	0.0387057987982564	326.0	0.7795858500618228	0.0010482326598811	0.4329200885309058	0.0058502714666338	268.0	0.1030406108592946
LBXGTC	LBDLYMNO	continuous	0.0005786747388874	1.0	0.0424074159286233	1883.0	0.1081947708438048	0.0004679062831365	0.1932452949354111	0.0031168595957324	1936.0	0.0002801645785013
LBXCOT	LBDNENO	continuous	5.68909451689578e-07	0.0095633678829018	0.0003800141853768	2161.0	0.2725810199365165	0.0157512295223602	1.0	0.0451754013384361	1952.0	0.0005681231014504
LBXBCD	LBXSGTSI	continuous	3.063900259737614e-06	0.0515041633661892	0.0012876040841547	2187.0	0.1411148903628516	0.0160725879743403	1.0	0.0454656084479627	1949.0	0.0956983022371441
LBXVST	LBDEONO	continuous	3.775432283869789e-08	0.0006346501669185	4.2310011127900765e-05	285.0	0.1583112061310103	0.0171672942775255	1.0	0.0475845136685776	639.0	-0.1590140783240626
LBXBEC	LBXSUA	continuous	0.0004787609999996	1.0	0.0383236781428283	1053.0	-0.1466625647460456	0.0019353093600302	0.799282765692509	0.0093221192509275	1940.0	-0.0070295976132313
VITAMIN_B_12_mcg	LBXCRP	continuous	0.000723672968268	1.0	0.0478934747897109	2175.0	-0.0117224561426005	8.782552973394722e-07	0.0003627194378012	2.5908531271514432e-05	1938.0	-0.0003383591472653
LBXVOX	LBDHDL	continuous	0.0007540271487337	1.0	0.0491286681016058	299.0	-0.0373477454956167	1.059240173391386e-05	0.0043746619161064	0.0001249903404601	759.0	0.3750430298600335
total_days_5drink_year	LBXSGTSI	continuous	0.0004662305829314	1.0	0.0376795004763385	514.0	0.3236814394782091	0.0026046009733293	1.0	0.012223865931648	431.0	0.0017991779259085
SMD410	LBXMCVSI	binary	3.2148585018503934e-05	0.5404177141610511	0.0066718236316179	2221.0	0.2793446326517693	0.0150807666092473	1.0	0.0444882614972797	1966.0	1.3124876573182558
URXUBE	LBXSNASI	continuous	0.0004032782651608	1.0	0.0345872838640515	734.0	0.1036203041645413	0.003975894112696	1.0	0.0171046277973276	636.0	0.3358919814085475
LBXRST	LBXSTR	continuous	0.0008405256426391	1.0	0.0519457207822217	1515.0	0.3876319519065418	5.637498665061938e-07	0.000232828694867	1.790989960515831e-05	1890.0	0.7375831468408816
DR1TALCO	LBXSUA	continuous	0.0002681083658046	1.0	0.0274811074949747	2100.0	0.1237609048102668	0.0063395590529695	1.0	0.0246486010546724	1870.0	0.0044739531900467
VITAMIN_B_12_mcg	LBXSCA	continuous	0.0001280826128619	1.0	0.0166904552109249	2161.0	-0.0176311172107234	0.0110705247597516	1.0	0.0361599242473054	1929.0	2.6627130497782323e-05
DR1TALCO	LBDHDL	continuous	0.0007741215516697	1.0	0.0492271919360634	2098.0	0.1138287127092832	0.0006606781124677	0.2728600604491959	0.0039544936296984	1876.0	0.0017791229069292
URXMEP	URXUCR	continuous	0.0006082424614327	1.0	0.0440713611064001	745.0	0.2717359400971318	0.0018603191696394	0.7683118170611025	0.0091465692507274	651.0	7.180649326363497e-05
LBXRBF	LBDPCT	continuous	0.0001011954449587	1.0	0.0142284011380835	2194.0	-0.1459485627701769	0.0135715204674191	1.0	0.0406162170510441	763.0	-0.0006052849512661
URXP14	LBXLYPCT	continuous	0.0007876749505278	1.0	0.0494060295461662	653.0	-0.0718340135856396	0.0010423559433135	0.4304930045885141	0.0058502714666338	303.0	-0.3513151841134788
LBXGTC	LBXCPSI	continuous	0.0002327386838692	1.0	0.0246058948166133	919.0	0.1093455207020344	0.0086570302673091	1.0	0.0310900304382493	477.0	0.0003728096507712
SMD080	LBXSTP	continuous	0.0009133785592416	1.0	0.0554292187034377	328.0	-0.1204226394867398	0.0005606537155494	0.2315499845219186	0.0035623074541833	872.0	-0.0006623648547843
LBXCBC	LBXSUA	continuous	0.0008618266004467	1.0	0.052873376472661	1052.0	-0.1574219836219579	0.0012990546092542	0.5365095536220127	0.0068783276105386	1869.0	-0.1126734274935831
LBXVEB	LBDHDL	continuous	0.000948585162985	1.0	0.0564453554298074	279.0	-0.0498054676904469	0.0005820000708797	0.2403660292733346	0.0035875526757214	735.0	0.331306347068587
LBXCOT	LBXMCVSI	continuous	0.0002677265996012	1.0	0.0274811074949747	2174.0	0.1481626681785925	0.0094988607876355	1.0	0.0329666344982643	1957.0	0.0055460713436579
URXP14	LBXRBCSI	continuous	0.0002720958424654	1.0	0.0276044239460525	656.0	-0.0468960658311409	0.0097024101398352	1.0	0.0332749736312322	304.0	-0.0103649332896521
LBXBCD	LBXHGB	continuous	0.0006515221665166	1.0	0.0457125323611733	2221.0	0.1184953878126685	0.0034924510607103	1.0	0.015509486968531	1966.0	0.2654930985420627
LBXVCT	LBXSTR	continuous	0.0010816680753276	1.0	0.0609897803484922	299.0	0.0494045563161704	2.5602583244980388e-05	0.0105738668801769	0.0002349748195594	731.0	145.676431706617
URXOP4	LBDEONO	continuous	3.650673707168369e-05	0.6136782501750028	0.0072222191969182	582.0	-0.1850719663210557	0.0200272133811569	1.0	0.0540603864471752	300.0	0.0037572632707269
URXUPT	LBXSTB	continuous	0.0010993398837354	1.0	0.0609897803484922	734.0	-13.86246626894614	3.421491351777534e-05	0.0141307592828412	0.0002943908183925	636.0	-0.0569959151405764
LBXVIA	LBDPCT	continuous	0.0011472582536457	1.0	0.0626149715707301	2188.0	0.1283475819150855	5.096779239191558e-06	0.0021049698257861	7.517749377807548e-05	759.0	0.0111413361699936
URXUCD	LBXSCLSI	continuous	0.0001387191655958	1.0	0.0175328509298159	685.0	0.412423823719649	0.0163447573848743	1.0	0.0459209850336946	633.0	0.7781556301862598
CALCIUM_mg	LBXHCY	continuous	0.0010959206976442	1.0	0.0609897803484922	2168.0	-0.0236616227846837	0.0006868322290557	0.2836617106000041	0.0040523101514286	1800.0	-9.080355755359196e-05
CALCIUM_mg	LBDHDL	continuous	1.679193048565967e-07	0.0028227235146393	0.0001411361757319	2138.0	0.0130140413339527	0.025636170402345	1.0	0.0653564097294352	1937.0	4.697078565229241e-05
LBXODT	LBXSIR	continuous	0.0003854601852792	1.0	0.0337376557058517	689.0	0.0601626187649446	0.0106654042882244	1.0	0.0355226771857799	303.0	1.2763224697330584
LBXGTC	LBXSGTSI	continuous	0.0013549712899366	1.0	0.0695980076625418	1885.0	0.0958166122233036	1.7954997834744554e-05	0.0074154141057495	0.0001724514908313	1939.0	0.0006930284915301
URXP14	LBXHCY	continuous	0.0003873508358851	1.0	0.0337376557058517	654.0	-0.0658564969121803	0.0111224936715301	1.0	0.0361599242473054	303.0	-0.0060514935245185
URXUBE	LBXSOSSI	continuous	0.0002199427478453	1.0	0.023747717793772	734.0	0.07479304225986	0.0174484029964391	1.0	0.048041269583529	636.0	70.37366963098088
LBX118	LBXGH	continuous	0.0010137780571653	1.0	0.0585125423058753	693.0	0.6427303938581245	0.0028947576729922	1.0	0.0134329766173687	270.0	0.8737906332645677
DR1TALCO	LBXHCY	continuous	0.001469389764847	1.0	0.0728323678275964	2128.0	0.0958355128424304	0.000101732802065	0.0420156472528663	0.000763920859143	1741.0	0.001334586664901
LBXVIE	LBXSGTSI	continuous	0.0003672019111975	1.0	0.0330088990760964	2186.0	0.1484410058216201	0.0135267741542167	1.0	0.0406162170510441	1940.0	0.0001125385413133
LBXRBF	LBXCRP	continuous	0.0011269148185277	1.0	0.0617050100959313	2198.0	0.1255913827136738	0.0025677893217719	1.0	0.0121896205734692	1948.0	0.0010045617409666
URXMBP	URXUMA	continuous	0.0014843856895951	1.0	0.0729607263213046	746.0	0.65796351340021	0.0002768265205388	0.1143293529825426	0.0019054892163757	651.0	0.0053273332070979
VITAMIN_B_6_mg	LBXRBCSI	continuous	0.0003662800318589	1.0	0.0330088990760964	2193.0	-0.0671017361313765	0.0141579623830721	1.0	0.0420664637712864	1945.0	-0.0009442297540204
LBXRST	LBDHDL	continuous	0.0013230305389137	1.0	0.0692839356982551	1512.0	-0.1701290971571144	0.0011100297462384	0.4584422851964797	0.0061125638026197	1893.0	-0.1172781974343598
URXUPT	LBXRDW	continuous	0.0011134137015202	1.0	0.0611649814462602	746.0	15.440109429887084	0.0034835965079691	1.0	0.015509486968531	640.0	-0.0044367263079856
SMD410	LBXLYPCT	binary	0.0007642905312307	1.0	0.0492249955172001	2208.0	-0.2596618654117354	0.0074032121127644	1.0	0.0275452847078531	1961.0	-2.096095212068732
LBXV4C	LBXMPSI	continuous	0.0016688251618328	1.0	0.0770685466220039	293.0	-0.0442123481783632	1.6310396347442047e-05	0.0067361936914935	0.0001642974071095	715.0	-0.001954018506197
LBXVST	LBXSIR	continuous	4.266376600882155e-05	0.7171779066082902	0.0081497489387305	286.0	0.102443325593397	0.0276026820452881	1.0	0.0690903496042666	639.0	0.617006831035235
LBXVCT	LBXSUA	continuous	0.0017021868657654	1.0	0.0776730331943734	299.0	0.0570500826679904	2.4529505993219087e-05	0.0101306859751994	0.0002302428630727	731.0	-358.4156157971929
LISINOPRIL	LBXSATSI	binary	0.0002065291270251	1.0	0.0231590676205739	2189.0	-0.4651627815042938	0.020429488517887	1.0	0.0547881737525151	1951.0	-0.1373051391881546
LBXVCT	LBXGH	continuous	0.0017397095125577	1.0	0.0780014708887809	298.0	-0.0411950486312708	1.3398819964548048e-06	0.0005533712645358	3.255125085504908e-05	732.0	-34.4324101214562
taking_birth_control	LBXSAL	binary	0.0018127347717749	1.0	0.0793543528998358	324.0	-0.4294401125695558	1.757555326406996e-05	0.0072587034980608	0.0001724514908313	268.0	-0.2124406349653325
LBXFOL	LBXSPH	continuous	0.0010163987122733	1.0	0.0585125423058753	2188.0	0.1397145526154346	0.0051737562655604	1.0	0.0210271567544365	1941.0	0.0078763607983403
LBXVIE	LBXSATSI	continuous	0.0007503541579298	1.0	0.0490795851937805	2186.0	0.114780181717238	0.0084715116488447	1.0	0.0306906518506392	1939.0	9.012856741686426e-05
URXUMO	URXUMA	continuous	0.0018675375054761	1.0	0.0807025847482128	717.0	0.2813465409922349	1.479718082938984e-05	0.006111235682538	0.0001608219916457	660.0	0.0068295348208049
DR1TS060	LBXSTP	continuous	0.0014520864555987	1.0	0.0722176725402786	2100.0	-0.0982113972285385	0.0018465454637816	0.7626232765418299	0.0091465692507274	1867.0	-0.030506804458956
LBXRBF	LBXSIR	continuous	0.0001121626419943	1.0	0.0153185596116511	2184.0	-0.1453301409811307	0.0261139122327495	1.0	0.066165924859666	1939.0	-0.0003358618250963
LBXF06	LBXHGB	continuous	0.000611716306824	1.0	0.0441328374150761	581.0	0.2323282892379776	0.0133339246033841	1.0	0.0404919916264532	268.0	0.0801228506201836
URXUCO	LBXHCY	continuous	0.00076959699434	1.0	0.0492271919360634	745.0	-0.0697119048821807	0.0129312230225754	1.0	0.0398551873755497	586.0	-0.0088874322707939
CALCIUM_mg	LBXSTB	continuous	2.696443620757588e-05	0.4532721726493505	0.0058111817006326	2140.0	0.0119894213381159	0.0346136701377525	1.0	0.0837602235518446	1930.0	4.374955046044092e-05
SMD090	LBDNENO	continuous	0.0021607977855108	1.0	0.0894655437794019	329.0	0.2948370898420275	1.5806124628814068e-05	0.0065279294717002	0.0001642974071095	859.0	0.0133631959157213
DR1TFIBE	LBXSCR	continuous	0.0015095143529416	1.0	0.0738083834643437	2100.0	-0.0576138877058539	0.0043812743218774	1.0	0.0182774373225798	1870.0	-0.0023855302178975
URXP16	URXUCR	continuous	4.735420156445569e-05	0.7960241282985002	0.0085593992290161	676.0	0.1372797102881434	0.0348831923751023	1.0	0.0837602235518446	307.0	0.0151485678518519
LBXHE1	LBXSCR	binary	0.0019913581431612	1.0	0.0849612446358892	1471.0	-0.1087317949475241	0.0019411676890551	0.8017022555797662	0.0093221192509275	1298.0	-0.0590771441730965
LBXRST	LBXSPH	continuous	0.0023521895863375	1.0	0.0943682743349273	1513.0	0.1570951529338367	1.6550520714854625e-06	0.0006835365055234	3.625294219103598e-05	1890.0	0.268687122942464
LBXVIE	LBXRDW	continuous	0.0015127216189604	1.0	0.0738083834643437	2194.0	-0.0870435706124069	0.0051931476730085	1.0	0.0210271567544365	1942.0	-1.1964305447122637e-05
LBXB12	LBXHCY	continuous	0.0002532495360891	1.0	0.0262785475411058	2200.0	-0.0310687293334077	0.0280406680292107	1.0	0.0697638306991808	1803.0	-8.441144594726745e-06
URXUTU	URXUCR	continuous	0.0010911153712723	1.0	0.0609897803484922	723.0	0.2483358301613533	0.0112700888895168	1.0	0.0361599242473054	660.0	0.4294829174628295
LBXCOT	LBXMCHSI	continuous	0.00190546041543	1.0	0.0819201779626048	2174.0	0.1305524809756586	0.0033841002518708	1.0	0.0154470343101195	1957.0	0.0021609440733691
URXP03	URXUMA	continuous	4.560884358663704e-05	0.7666846606913685	0.0084251061614436	705.0	0.4151961752095313	0.0386736486404245	1.0	0.0892302619469013	333.0	0.0005227506387207
URXP03	URXUMASI	continuous	4.5595044067898696e-05	0.7664526907813771	0.0084251061614436	705.0	0.4154294379252842	0.0386736486404245	1.0	0.0892302619469013	333.0	0.0005227506387207
CALCIUM_mg	LBXSC3SI	continuous	0.0015657008892653	1.0	0.0749700181382428	2140.0	-0.0098072206387039	0.0057965235560657	1.0	0.0227996593205251	1929.0	0.0004817930839401
DR1TCALC	LBXSGTSI	continuous	0.0003018952763218	1.0	0.0295049976451772	2100.0	-0.0994695952659478	0.0272026944100994	1.0	0.068504346288848	1870.0	-5.475937738288432e-05
THIAMIN_mg	LBXMMA	continuous	0.0001129982981466	1.0	0.0153185596116511	2191.0	-0.2269403174103622	0.0341638703133874	1.0	0.0834892215350828	929.0	-0.0035476791159524
CALCIUM_mg	LBDPCT	continuous	3.5610431031750573e-07	0.0059861134564372	0.0002494213940182	2150.0	0.0110388098931548	0.0464750613128583	1.0	0.099451815140987	747.0	0.0001246244743279
LBXCRY	LBXSUA	continuous	0.0025631876322302	1.0	0.0997388520782171	1050.0	-0.0879947997859527	4.367388595315009e-05	0.0180373148986509	0.0003681084673194	1938.0	-0.0126302824685111
CALCIUM_mg	LBXSASSI	continuous	1.3738842144332042e-06	0.0230949936446221	0.0007449997949878	2140.0	0.0167466740949602	0.0469191769302306	1.0	0.0998846395473467	1929.0	4.77920367818333e-05
SELENIUM_mcg	LBXGH	continuous	5.932736011567621e-05	0.9972929235445172	0.0101764584035154	2206.0	-0.0663174228805367	0.0406049274215057	1.0	0.0906506523934189	1966.0	-0.000152041659537
quantity_drink_per_day	LBXSGTSI	continuous	0.001362150179713	1.0	0.0695980076625418	1096.0	0.0786973060202356	0.0093443009837576	1.0	0.0327716654557512	941.0	0.0112077762695878
LBXGHC	LBXSIR	continuous	0.0005704463711763	1.0	0.0424074159286233	696.0	-0.05729266141607	0.0236674538184712	1.0	0.0614758391637019	303.0	0.8183408503235896
URXUCO	LBXSTR	continuous	0.0021789098481462	1.0	0.0899937949566041	735.0	0.5139952984369678	0.0034035838310433	1.0	0.0154470343101195	636.0	0.0420128422732699
LBXHXC	LBXSTR	continuous	0.0007843876598153	1.0	0.0493841069718945	584.0	0.6865545323097194	0.0215589793545967	1.0	0.0567251664567335	266.0	0.0050576660178381
LBXVIA	LBXSGB	continuous	0.0012695102176766	1.0	0.0671083860350471	2184.0	-0.1123995992840701	0.0127534225798381	1.0	0.0396027332742341	1937.0	-0.0008112714882394
SMD410	LBDMONO	binary	0.0015851918455786	1.0	0.0752742229496539	2208.0	0.2798547730410627	0.0093633329873574	1.0	0.0327716654557512	1961.0	0.023846984597024
DR1TVB2	LBXHCY	continuous	0.0001408365221091	1.0	0.0176676263929439	2128.0	-0.0939546983840624	0.040129384191074	1.0	0.0906506523934189	1741.0	-0.0197172764389739
LBXF01	LBXHGB	continuous	0.0002203833418101	1.0	0.023747717793772	586.0	0.2805605376688536	0.0357541320554948	1.0	0.0851241660860445	267.0	0.0565144345482996
LBXVST	LBXCRP	continuous	0.0011712058691169	1.0	0.0637151154040625	286.0	-0.0297602187385589	0.0155445531795174	1.0	0.0451754013384361	640.0	-1.670207721968706
VITAMIN_A_IU	LBXMMA	continuous	0.0015516264513653	1.0	0.0749506915156648	2195.0	-0.1319405555806726	0.0101219303052397	1.0	0.0339866440330407	933.0	-1.0535070244580795e-05
DSDCOUNT	LBXSUA	continuous	0.0021325085618721	1.0	0.0889515357942198	2189.0	-0.0344030164850259	0.0048923397709054	1.0	0.0202053632538393	1952.0	-0.049472308774965
LBXRBF	LBXSTR	continuous	0.0013892979092233	1.0	0.070556186870225	2186.0	0.1245825777824519	0.0127286318364095	1.0	0.0396027332742341	1939.0	0.0004296502183481
total_days_drink_year	LBXSASSI	continuous	0.0017427374002449	1.0	0.0780014708887809	1100.0	0.2069695275739695	0.0092254603629028	1.0	0.0327716654557512	941.0	0.0006352374432001
URXOP2	URXUCR	continuous	0.0011100398628053	1.0	0.0611649814462602	594.0	0.746706066958822	0.0187749263882042	1.0	0.0510134513047917	312.0	0.0101443661122084
LBXVBF	LBXMOPCT	continuous	0.0023685650858601	1.0	0.0947989978412127	316.0	-0.0952885421994023	0.0042583555920987	1.0	0.0181309366962554	691.0	0.0006180416984115
DR1TFIBE	LBXSUA	continuous	0.0008272628353747	1.0	0.0515047713431468	2100.0	-0.08411524129028	0.0236004808304582	1.0	0.0614758391637019	1870.0	-0.01153489431042
URXP14	LBXCRP	continuous	0.0002141223550538	1.0	0.0235944413567835	651.0	0.1250677690864604	0.0401291808755395	1.0	0.0906506523934189	302.0	0.0301888090849693
LBXCOT	LBXHCY	continuous	0.001574325782439	1.0	0.0749700181382428	2172.0	0.1233276247574492	0.0131602804050123	1.0	0.0402607096834821	1814.0	0.0003334824577169
total_days_drink_year	LBXSBU	continuous	0.0012412039606162	1.0	0.0663659415723651	1100.0	-0.1087981723377746	0.0179116617455837	1.0	0.0489901741783185	941.0	-0.0004932968149736
LBXF06	LBXHCT	continuous	0.0013537524155183	1.0	0.0695980076625418	581.0	0.224158201652311	0.0164791278375714	1.0	0.0459856743034932	268.0	0.2420742214962425
URXUTU	URXUMA	continuous	0.0025151561354448	1.0	0.0985542532327005	724.0	0.1520130400207358	0.0043580843304146	1.0	0.0182774373225798	660.0	0.6134447488799515
URXP14	LBDHDL	continuous	0.0017416813290434	1.0	0.0780014708887809	648.0	0.0435135906991102	0.0159237069289092	1.0	0.0453551100802725	303.0	0.0073599068215283
LBX157	LBXHCT	continuous	0.0005744698720577	1.0	0.0424074159286233	686.0	0.2361051046738597	0.0331129230138879	1.0	0.0814026024091411	270.0	102.29089936308492
LBXVIE	LBXBAP	continuous	0.0013608126696515	1.0	0.0695980076625418	2189.0	-0.1171071528203428	0.0210410565088294	1.0	0.0560642344396553	596.0	-9.822801506552734e-05
LBXF01	LBXHCT	continuous	0.0002804680146218	1.0	0.0278974397975977	586.0	0.2715900782144473	0.0455238103953289	1.0	0.0979236129857857	267.0	0.1804261911706104
LBXVTC	LBXMMA	continuous	0.0023354961161575	1.0	0.0943682743349273	296.0	-0.1057540175043552	0.0097488421534602	1.0	0.0332749736312322	204.0	2.0859021961873223
URXUPB	URXUMA	continuous	0.0003571015857987	1.0	0.032802610149056	766.0	0.1461641058782132	0.0436750392083165	1.0	0.0959640473208008	660.0	0.0848637730233055
FOLIC_ACID_mcg	LBXMCHSI	continuous	0.0020289209061931	1.0	0.0861266677603693	2193.0	0.0687504155793789	0.0153230597969015	1.0	0.0448824375611371	1937.0	0.0002697512104471
IRON_mg	LBXSPH	continuous	0.0020535051491578	1.0	0.0868577985396658	2158.0	0.0438767321168948	0.015652346697068	1.0	0.0451754013384361	1924.0	0.0031461972421547
SELENIUM_mcg	LBXHCY	continuous	0.0015941675854098	1.0	0.0754872031288417	2202.0	-0.0555152149624523	0.0215638041978381	1.0	0.0567251664567335	1820.0	-0.0003420962921862
DR1TCALC	LBXSUA	continuous	0.0006864180878141	1.0	0.0461547522246203	2100.0	-0.0861402080297275	0.0381193642405551	1.0	0.0892302619469013	1870.0	-0.0001818380369383
LBXTHG	LBXTIB	continuous	0.0010524345977912	1.0	0.0601749169689471	790.0	-0.1881591040540192	0.0360695619008663	1.0	0.0851241660860445	766.0	-0.0145436193626728
SMD070	LBXMCVSI	continuous	0.0021458196442065	1.0	0.0892852183641399	221.0	0.2454790030327183	0.0240650486792727	1.0	0.0621179069033726	760.0	0.0692487173377571
URXP04	URXUCR	continuous	0.0011075995205482	1.0	0.0611649814462602	705.0	0.462489880629429	0.0399929914652619	1.0	0.0906506523934189	337.0	0.0002932431461658
URXMBP	URXUMASI	continuous	0.0014843883641812	1.0	0.0729607263213046	746.0	0.658327558981185	0.0324128504442546	1.0	0.0801587259489651	349.0	0.0049194437955879
DR1TIRON	LBXGH	continuous	0.001357872132618	1.0	0.0695980076625418	2132.0	-0.06626618547501	0.0347434352373454	1.0	0.0837602235518446	1883.0	-0.0010937877863336
CALCIUM_mg	LBXSAPSI	continuous	0.001335532625014	1.0	0.0695331733483469	2140.0	-0.0112450848274374	0.0359523169602991	1.0	0.0851241660860445	1930.0	-5.27014908547352e-05
total_days_5drink_year	LBXSUA	continuous	0.0022136380864666	1.0	0.0906606366762284	514.0	0.1628042758809831	0.0250849155518891	1.0	0.064348261633107	431.0	0.0015539248460955
DR1TIRON	LBXSUA	continuous	0.0010033131554274	1.0	0.0583588032620584	2100.0	-0.0656427949089676	0.0449778201859618	1.0	0.097255705428284	1870.0	-0.0106621618062726
RHQ540	LBXRDW	binary	0.0017792363036293	1.0	0.0786008213947871	918.0	-0.3643802251013265	0.0384621796243298	1.0	0.0892302619469013	798.0	-0.0238555860052444
taking_birth_control	LBXMOPCT	binary	0.0016190348262543	1.0	0.0757756882206999	327.0	-0.5159378197662602	0.0444614431166877	1.0	0.0969737093241014	270.0	-0.1003330669843462
LBXF02	LBXHGB	continuous	0.0018388785160795	1.0	0.0802897346890825	592.0	0.1646927472449141	0.0436237426717652	1.0	0.0959640473208008	267.0	0.035060679325783
URXP06	URXUMA	continuous	0.0020616455453495	1.0	0.0868577985396658	689.0	0.3609750199916504	0.04060622443773	1.0	0.0906506523934189	330.0	0.0011630988435463
URXP06	URXUMASI	continuous	0.002061445932772	1.0	0.0868577985396658	689.0	0.3611757967475711	0.04060622443773	1.0	0.0906506523934189	330.0	0.0011630988435463
LBXVIA	LBDLDL	continuous	0.0020916417711817	1.0	0.0879012454339143	979.0	0.1294311355141524	0.0436833920007519	1.0	0.0959640473208008	890.0	0.0032952647451544
URXP14	LBXEOPCT	continuous	0.0021572842849694	1.0	0.0894655437794019	653.0	-0.0627753853733698	0.0446126023524921	1.0	0.0969737093241014	303.0	-0.0097745404502274
