Variable	Outcome	Variable_type	pvalue_disc	pvalue_bonferroni_disc	pvalue_fdr_disc	N_disc	Beta_disc	pvalue_repl	pvalue_bonferroni_repl	pvalue_fdr_repl	N_repl	Beta_repl
LBXVIA	LBXSBU	continuous	1.3264743706476643e-09	2.1451743522114027e-05	1.1290391327428434e-06	1592.0	0.3594087041640095	9.398187683939563e-11	1.1710141854188696e-07	2.927535463547174e-08	2069.0	0.3336730498765983
LBXGTC	LBXSTR	continuous	1.3332689786258209e-08	0.0002156162592233	5.989340533982437e-06	1553.0	0.297174621022351	1.8091744459681977e-11	2.2542313596763744e-08	7.924719639163458e-09	2048.0	0.3595233860909251
LBXVIA	LBXSCR	continuous	1.798539379168752e-08	0.0002908597883991	7.271494709979264e-06	1592.0	0.4592613665034184	5.9370715129781794e-08	7.397591105170811e-05	5.690454696285239e-06	2069.0	0.4152564915639631
LBXVIE	LBXSTR	continuous	3.627570256091213e-08	0.000586650661815	1.3332969586706156e-05	1587.0	0.4739627983460407	1.4277165314258968e-10	1.7789347981566677e-07	3.557869596313336e-08	2066.0	0.5388151472851681
LBXVIA	LBXSTR	continuous	4.6600215908275474e-08	0.0007536186916686	1.5379973299359815e-05	1591.0	0.2435288692844562	7.565031836606845e-09	9.426029668412129e-06	1.3465756669160185e-06	2066.0	0.2736645326896051
LBXVIA	LBXSUA	continuous	1.446606269177862e-06	0.0233945165851443	0.0002785061498231	1592.0	0.1856966433510945	3.35792285315667e-09	4.183971875033211e-06	6.973286458388685e-07	2069.0	0.2589437648772047
SMQ020	LBDLYMNO	binary	1.9196194321940446e-06	0.031044085457442	0.0003443002809779	1395.0	0.4152299549756932	1.63788557752894e-07	0.0002040805429601	1.4577181640007566e-05	1739.0	0.3633565422285079
LBXVIA	LBXSAL	continuous	4.21125327051618e-06	0.0681043878907876	0.0006559734886045	1592.0	0.2183016450854596	6.245474164827674e-07	0.0007781860809375	4.095716215460675e-05	2069.0	0.1793699877445241
LBXVIA	LBXSOSSI	continuous	6.595194281006188e-06	0.106657481912432	0.000867133999288	1592.0	0.1608155411145563	4.8345800437571216e-08	6.0238867345213726e-05	5.019905612101144e-06	2069.0	0.1878287378203505
total_days_drink_year	LBXSGTSI	continuous	4.461070231515356e-06	0.0721444277840663	0.0006680039609635	747.0	0.31929985211163	1.17038204501359e-05	0.0145829602808693	0.0002859403976641	900.0	0.3378731421855754
URXUCD	URXUCR	continuous	9.001150175951241e-06	0.1455666006454834	0.0010863179152648	543.0	0.5131927803184	5.672577666367868e-07	0.0007068031772294	3.926684317941313e-05	757.0	0.362592060859656
LBXRBF	LBXEPP	continuous	3.9402977879456715e-08	0.0006372249582665	1.3852716484055955e-05	1629.0	0.3079763137882809	6.97411134094531e-05	0.0868974273081785	0.0012251857896384	721.0	0.3550759498029454
LBXRBF	LBXHGB	continuous	8.723538415669168e-06	0.1410770632582018	0.0010607297989338	1628.0	-0.1427330510822304	1.4372818434167686e-05	0.0179085317689729	0.000344394841711	2112.0	-0.2263202079689812
LBXVIA	LBXHCY	continuous	8.633119371801501e-07	0.0139614806480773	0.0001886686574064	1598.0	0.2691994044985357	9.572915897708672e-05	0.11927853208545	0.0015292119498134	1880.0	0.1410386923306965
URXEQU	LBXSAPSI	continuous	1.9057876361740836e-05	0.3082039765220727	0.0020013245228706	506.0	0.0792429272065184	1.933971340443711e-08	2.409728290192864e-05	2.409728290192864e-06	647.0	0.2420028903210085
LBXVIA	LBXFER	continuous	2.081801401596646e-05	0.3366689226662096	0.0021508749818184	1599.0	0.202276380035531	7.880068954498572e-06	0.0098185659173052	0.0002254003163278	708.0	0.275792181016975
LBXCOT	LBDLYMNO	continuous	2.9721712431521423e-05	0.4806595334425644	0.0028108744645764	1561.0	0.1533365119671785	1.9080384363956958e-11	2.377415891749037e-08	7.924719639163458e-09	2066.0	0.1938659802281437
total_days_drink_year	LBDHDL	continuous	2.415440499279733e-05	0.3906250375435184	0.0023674244699607	745.0	0.1982074652216905	3.4697709471960344e-05	0.0432333460020625	0.0006862435873343	903.0	0.2122932156113626
URXDMA	LBDEONO	continuous	7.641182300358649e-06	0.1235732001614	0.0009505630781646	532.0	0.0626383824655812	0.0001564679960692	0.194959123102238	0.0023489050976173	655.0	0.0482166257176761
SMQ020	LBDMONO	binary	3.600075854035277e-05	0.5822042671145851	0.0031989245445856	1395.0	0.3317851637585356	4.853410793907161e-06	0.0060473498492083	0.0001679819402557	1739.0	0.2441554062571559
URXUPT	LBDLDL	continuous	3.673384646239002e-05	0.5940597649897713	0.0032462282239878	220.0	32.7831594420798	2.0530935274156236e-05	0.0255815453515986	0.0004651118344178	351.0	125.029841184222
LBXBPB	LBXHCY	continuous	4.102093898205863e-05	0.6633906252178521	0.0035286735383928	1625.0	0.1865444650018126	5.721346682431048e-06	0.007128797966309	0.0001844808282494	1913.0	0.1268594862741269
LBXVTO	LBXSNASI	continuous	5.142630586058758e-05	0.8316662183774224	0.0040569083823288	241.0	-0.0494114889843494	1.2028775882221437e-06	0.0014987854749247	6.532140282310973e-05	828.0	0.0343927852812622
LBXB12	LBXHCY	continuous	4.92903955439257e-05	0.7971242767363664	0.004005649631841	1605.0	-2.021104269638539	8.116154151141403e-06	0.0101127280723221	0.0002254003163278	1885.0	-0.6275420424057928
LBXVIE	LBDLDL	continuous	5.3146774906873934e-05	0.8594896437939653	0.0041564178771884	679.0	0.6251577418972752	6.5586823852395455e-06	0.0081721182520084	0.000199319957366	1000.0	0.558780388087919
DR1TCARB	LBXSBU	continuous	4.606266526022039e-05	0.7449254225882841	0.0038798199093139	1517.0	-0.0994970443205792	2.5096446189980208e-05	0.0312701719527153	0.0005126257697166	1971.0	-0.1243807622423102
LBXB12	LBXSCLSI	continuous	5.9077173986339486e-05	0.955396057707082	0.004423129896792	1591.0	-2.026319362071207	2.218392110148713e-05	0.0276411656924529	0.0004844069889333	2062.0	-0.4380106855782685
URXEQU	URXUCR	continuous	5.320173760685204e-05	0.8603785005780112	0.0041564178771884	549.0	0.071663415576927	5.913715730129734e-05	0.0736848979974164	0.0010678970724263	701.0	0.0844983335237486
LBXGTC	LBDLDL	continuous	8.414197405475292e-05	1.0	0.0056484399035891	665.0	0.2718015957677999	1.866333626960099e-07	0.0002325451699192	1.5503011327948552e-05	990.0	0.3568721840965946
URXDMA	LBXHCY	continuous	3.4695127344021245e-05	0.5610895994075116	0.0031345787676397	531.0	-0.0413137930695206	0.0001765486712258	0.2199796443473956	0.0025579028412487	597.0	-0.0205621534500764
LBXCOT	LBXMCHSI	continuous	8.290339109924185e-05	1.0	0.0056332505918358	1566.0	0.1309373077837994	3.072040863973276e-06	0.0038277629165107	0.0001242789522193	2086.0	0.1492241205108099
LBXVIE	LBXSCLSI	continuous	8.287616897479577e-06	0.1340273404660397	0.0010231094692064	1588.0	-0.2505770614891108	0.0003843894777258	0.4789492892464407	0.0048932384834921	2069.0	-0.132829772962218
LBXRBF	LBXHCT	continuous	8.660458506906649e-05	1.0	0.0057874766518055	1628.0	-0.1395521788331424	5.7742795358978125e-06	0.0071947523017286	0.0001844808282494	2112.0	-0.2457184111916361
URXEQU	LBXEOPCT	continuous	1.6086455711179078e-06	0.0260150161761188	0.0003025001880944	517.0	0.1117247189545239	0.0006246847491341	0.7783571974212131	0.0067683234558366	654.0	0.1288428959582892
LBXCOT	LBXMCVSI	continuous	0.0001166417649156	1.0	0.0070649086974395	1566.0	0.1244367856811756	1.2581971651321296e-06	0.0015677136677546	6.532140282310973e-05	2086.0	0.1557074591782693
SMD410	LBDNENO	binary	0.0001146311745172	1.0	0.0069955296388434	1624.0	0.2813043332171069	5.194504268371798e-05	0.0647235231839126	0.0009632977063657	2098.0	0.2675433552205714
LBXCOT	LBDNENO	continuous	0.0001543299699626	1.0	0.0083472383753736	1561.0	0.133636267320177	2.712590812895903e-07	0.0003379888152868	2.112430095542685e-05	2066.0	0.1575982888680379
LBXFOL	LBXSCA	continuous	0.0001271170973729	1.0	0.0073947399234339	1591.0	0.1520231484008908	7.114916723283261e-05	0.0886518623721094	0.0012312758662792	2065.0	0.253817168435002
VITAMIN_C_mg	LBXHCY	continuous	1.7879179720358835e-14	2.891420944376431e-10	1.4457104721882155e-10	1608.0	-0.0204988068383291	0.0008856463773269	1.0	0.0091325793299325	1895.0	-1728.1220198938126
DR1TSELE	LBXHCY	continuous	3.535408725503616e-05	0.5717462990884448	0.0031588193319803	1546.0	-0.0765651238384426	0.0006100525185993	0.7601254381748491	0.0066677670015337	1814.0	-0.0761002672527792
LBXBEC	LBXCRP	continuous	0.0001852449329299	1.0	0.0095667826236805	889.0	-0.2037095569163005	2.0903902670465664e-05	0.0260462627274002	0.0004651118344178	2071.0	-0.1272726323447501
LBXBEC	LBDNENO	continuous	0.0002068126413802	1.0	0.010290997035079	884.0	-0.2062231487448972	1.0560011786675811e-06	0.0013157774686198	6.265606993427649e-05	2050.0	-0.1975452763534514
LBXVIE	LBXSATSI	continuous	0.0002044930530144	1.0	0.0102602488794856	1588.0	0.1754808240289551	3.6068137456925114e-06	0.0044940899271328	0.0001404403102229	2063.0	0.1355345095394736
SMD410	LBDLYMNO	binary	0.0002154524849488	1.0	0.0105905701720156	1624.0	0.3309791167430095	2.889578961088304e-07	0.0003600415385516	2.1178914032447216e-05	2098.0	0.3989671190507934
LBXVTO	LBXSOSSI	continuous	0.0002191935784374	1.0	0.010709361179727	241.0	-0.0375336547648168	6.04956705708808e-06	0.0075377605531317	0.0001884440138282	828.0	0.0349007592199391
LBXVTO	LBXSPH	continuous	0.0002491814886545	1.0	0.0116131499553926	241.0	-0.0578974873079054	1.7634306657052655e-08	2.1972346094687606e-05	2.409728290192864e-06	828.0	0.0405544149513163
LBXVIE	LBXSCA	continuous	9.650623870467044e-05	1.0	0.0062678670374776	1588.0	0.2311334532093434	0.0005320297608271	0.6629090819906035	0.0059721538918072	2069.0	0.1578938751769035
LBXCBC	LBXCRP	continuous	0.0002878237000643	1.0	0.0127875958171434	889.0	-0.2017659464188496	8.397472991506623e-06	0.0104632513474172	0.0002254003163278	1947.0	-0.1386246875799758
LBXBCD	LBDLYMNO	continuous	0.0003021482065529	1.0	0.0133142800991114	1620.0	0.1474497087809104	5.718646948233453e-06	0.0071254340974988	0.0001844808282494	2094.0	0.1770661338339313
LBXCBC	LBDNENO	continuous	0.0003298449402513	1.0	0.0139739151506875	884.0	-0.1997255598057684	2.0941615015560363e-06	0.0026093252309388	8.997673210133867e-05	1927.0	-0.2028762384464229
URXUTL	URXUCR	continuous	0.0002235839270836	1.0	0.0108664457718411	547.0	0.2933815403384867	0.00024396716821	0.3039830915897828	0.0031998220167345	761.0	0.3089557912416923
LBXRBF	URXUCR	continuous	0.0001532597978114	1.0	0.008317172651699	1600.0	-0.1243089447009939	0.0005393200476656	0.6719927793914596	0.0059999355302808	2083.0	-0.0989142278613947
LBXBPB	LBXSAPSI	continuous	0.000344806900192	1.0	0.0142979927946298	1591.0	0.1293934663976667	1.0283514735750152e-05	0.0128132593607446	0.0002562651872148	2076.0	0.162863371372966
LBXVIA	LBXMCVSI	continuous	0.0003439334407674	1.0	0.0142979927946298	1598.0	0.1737020523819433	2.345929501619721e-05	0.0292302815901817	0.0004871713598363	2070.0	0.1495627846278181
LBXVIA	LBXMCHSI	continuous	0.000375311725602	1.0	0.0150600418007265	1598.0	0.1602007788829576	8.502259123122205e-06	0.0105938148674102	0.0002254003163278	2070.0	0.1604570285822668
LBXVIA	LBDPCT	continuous	0.0003874547660371	1.0	0.0153576433243945	1582.0	0.1087223563999642	7.665354244111621e-06	0.009551031388163	0.0002254003163278	833.0	0.2957968454682547
LBXLYC	LBDLDL	continuous	0.0004037714667529	1.0	0.0156487881444562	378.0	0.2884236637516448	9.398655264558199e-14	1.1710724459639514e-10	1.1710724459639514e-10	1000.0	0.4099202113334592
LBXVXY	LBXSOSSI	continuous	0.0003841162310493	1.0	0.0153003145037692	238.0	-0.0489940231139619	5.2571624424457685e-05	0.0655042440328742	0.0009632977063657	849.0	-0.1585757454053249
LBXGTC	LBXGH	continuous	3.889743701413647e-05	0.629049351392615	0.0033916670578635	1560.0	0.2800890229892963	0.0013861212113865	1.0	0.0129432399907742	2045.0	0.149140233248728
URXUSB	LBXSGB	continuous	0.0003564486074557	1.0	0.0147429331963554	504.0	-0.0849833337515528	0.0002061555150237	0.2568697717196287	0.0028861772103329	704.0	0.0385665801980238
LBXVIA	LBXSCA	continuous	5.4624696783766736e-08	0.000883390596387	1.6667747101642935e-05	1592.0	0.2912800403269823	0.0020657381538928	1.0	0.0176295187654139	2069.0	0.1654402917748405
DR1TVB1	LBXHCY	continuous	0.0001499493979055	1.0	0.008220276823485	1546.0	-0.0717751450660958	0.0009404448111075	1.0	0.0094499535051612	1814.0	-0.0940730360171287
LBXBCD	LBDMONO	continuous	0.0003698940727236	1.0	0.0149922981054802	1620.0	0.1351812476785042	0.0002163782314101	0.2696072763370681	0.0029627173223853	2094.0	0.1219984281998803
LBXCOT	LBXSBU	continuous	0.0002567206895757	1.0	0.0118441066861577	1564.0	-0.0848251097377661	0.0006070963383669	0.7564420376051862	0.0066677670015337	2075.0	-0.0522033250261574
LBXRPL	LBDLDL	continuous	0.0003182971576941	1.0	0.0136901639208222	631.0	0.2947299262284661	0.0004194679428626	0.5226570568069057	0.0052142762896105	985.0	0.2126096555293532
LBXGTC	LBXHCY	continuous	7.851008609542563e-05	1.0	0.0054028302652562	1559.0	0.1365189411655451	0.0015929659974747	1.0	0.0142793930421114	1865.0	0.0783568323001871
SMQ020	LBDNENO	binary	0.0001000458785815	1.0	0.0064204045572224	1395.0	0.2739675198564215	0.001487561227284	1.0	0.0137296391792293	1739.0	0.2430537347520567
SMQ040	LBDLYMNO	categorical	0.0006381098441233	1.0	0.020576079609174	619.0		3.092012454895069e-06	0.0038526475187992	0.0001242789522193	1202.0	
URXEQU	LBXSC3SI	continuous	0.0006447459894011	1.0	0.0206881590091193	506.0	0.0568969954898112	6.627921971424316e-07	0.0008258390776394	4.129195388197349e-05	645.0	0.1556994895446886
LBXBCD	LBXRDW	continuous	0.0004090846521382	1.0	0.0156487881444562	1629.0	0.1824365806908388	0.0004355188943992	0.542656542421504	0.0052142762896105	2114.0	0.1310128755994909
LBXVIA	LBXSCLSI	continuous	0.0002477063155438	1.0	0.011611323289782	1592.0	-0.1457871170159784	0.0011042590585882	1.0	0.0105031052442823	2069.0	-0.1058239332359174
total_days_drink_year	LBXSASSI	continuous	0.0003063446642394	1.0	0.0133971744544558	747.0	0.2326049508169587	0.0009314730059348	1.0	0.0094358972796322	898.0	0.2527665616682469
URXP05	LBXGH	continuous	4.524381336081901e-06	0.0731682949671164	0.0006712687611662	506.0	0.0790581884966182	0.0028980199777646	1.0	0.0227102697628601	293.0	-0.0649284117342624
LBXVOX	LBXLYPCT	continuous	0.0005307478724052	1.0	0.0183795601553266	239.0	-0.1113512411437519	0.0005220829659751	0.6505153756050768	0.0059137761418643	846.0	0.3306962621286569
LBXV4C	LBXSGTSI	continuous	0.0006064236037802	1.0	0.0198523937658583	231.0	-0.2306846362402154	0.0004354620964523	0.5425857721796563	0.0052142762896105	820.0	-0.0501430182260724
URXETL	URXUCR	continuous	0.0008661199315938	1.0	0.0254208557781046	588.0	0.2690728287862486	2.1756426096026047e-08	2.7108506915648453e-05	2.464409719604405e-06	704.0	0.7623539304294464
URXP05	LBXMMA	continuous	3.0663549196231034e-10	4.958909176014483e-06	3.3059394506763215e-07	505.0	0.0556783423720128	0.0033396908072678	1.0	0.0254919554087773	279.0	-0.0773719552390499
URXEQU	LBXRDW	continuous	1.2621026640581575e-10	2.0410724283148525e-06	1.8555203893771388e-07	519.0	-0.1432555220034854	0.0035338756935528	1.0	0.0257497609015602	657.0	-0.0667558533922171
URXUMO	LBXSCLSI	continuous	0.0008813401777533	1.0	0.0256811411795095	501.0	0.1249754739932785	1.7563528283917996e-06	0.0021884156241761	8.105243052504379e-05	706.0	0.091124332757204
VITAMIN_C_mg	LBDPCT	continuous	4.894844338217396e-13	7.915942263765174e-09	1.319323710627529e-09	1575.0	0.0106698407366177	0.0036401511941634	1.0	0.0263120191916878	821.0	2807.788342419408
LBXRPL	LBXCPSI	continuous	5.967040674724093e-06	0.096498981791638	0.0008109158133751	718.0	0.0847160944488467	0.003445922000232	1.0	0.0257102922891561	475.0	0.1289882963809751
POTASSIUM_mg	LBXBAP	continuous	0.0008589265251556	1.0	0.025347736797113	1585.0	-0.2022658834933203	7.310593668634147e-05	0.0910899971111814	0.0012478081796052	642.0	-0.1059028065090734
LBXFOL	LBXSCLSI	continuous	0.0007394411861459	1.0	0.0231748892681252	1591.0	-0.1780920681291417	0.0002761723006838	0.3441106866520186	0.0035844863192918	2065.0	-0.217818526660601
LBXVIA	LBXCPSI	continuous	1.1299086780805938e-05	0.1827288314191936	0.0013408659559162	777.0	0.2620050077560243	0.0033989467204632	1.0	0.0255125759861274	475.0	0.2222915585611597
LBXVIA	LBXSIR	continuous	0.0009784663622534	1.0	0.0274241906592071	1591.0	0.1255514752235744	3.191673213776894e-05	0.0397682482436601	0.0006414233587687	2068.0	0.1992373924922952
LBXVIA	LBXIRN	continuous	0.0010374552035741	1.0	0.02848805401536	1595.0	0.1213770924839238	3.862658145096405e-06	0.0048128720487901	0.0001457048054168	833.0	0.3175988267832853
LBXBPB	LBXRDW	continuous	3.51245649409285e-05	0.5680344642246957	0.0031557470234705	1629.0	0.2374658428541561	0.0034728500677856	1.0	0.0257497609015602	2114.0	0.1095085293181066
LBXBPB	LBXGH	continuous	0.0002310227389719	1.0	0.0109902190429227	1629.0	-0.1397452457750007	0.0021316040028017	1.0	0.0179458012668306	2106.0	-0.1005628122006922
LBXRPL	LBXSTR	continuous	0.0010714166390296	1.0	0.0289526300500575	1454.0	0.1855973113868163	1.5363900075633037e-08	1.9143419494238764e-05	2.392927436779845e-06	2039.0	0.3095030218443235
LBXBCD	LBDNENO	continuous	0.0008064184506958	1.0	0.0243891355198955	1620.0	0.0925258722081446	0.0004453988744681	0.5549669975872602	0.0052355377130873	2094.0	0.1721160091856433
LBXWME	LBXSAL	continuous	0.0001679785025688	1.0	0.0089067158804698	277.0	0.0316208686755542	0.0026483829547981	1.0	0.0215678768737159	758.0	0.0416317358679548
LBXCRY	LBXSAL	continuous	0.001221134136098	1.0	0.0313463194428212	880.0	0.178098074352944	9.503869880571689e-06	0.0118418218711923	0.0002416698341059	2042.0	0.1048719748851391
VITAMIN_C_mg	LBXIRN	continuous	4.723555342327301e-12	7.638933699611711e-08	9.54866712451464e-09	1588.0	0.0117645570616267	0.00501685078382	1.0	0.0317309445514709	821.0	2452.9269887260866
LBXGTC	LBXCRP	continuous	0.0012813224266438	1.0	0.032076697033567	1560.0	0.1027244622664483	1.380432647470468e-06	0.0017200190787482	6.880076314992813e-05	2053.0	0.1219213756899012
LBXFOL	LBDPCT	continuous	0.0009459254129008	1.0	0.0269933102450403	1589.0	0.0956707529848043	0.0004390959729672	0.5471135823171894	0.0052142762896105	833.0	0.3636574300245893
LBXRBF	LBXSCLSI	continuous	0.0002091344756577	1.0	0.0103501236914536	1590.0	-0.2106095736530877	0.002795496307226	1.0	0.0223281307615615	2074.0	-0.1244471449294373
LBXB12	LBXMMA	continuous	0.0009822149347282	1.0	0.0274816261668249	1603.0	-1.4492250928706951	0.00051204274407	0.6380052591112227	0.0058532592579011	920.0	-0.5914194200961695
LBXVTO	LBXLYPCT	continuous	0.0007956066881175	1.0	0.0242307935221039	239.0	-0.0451306052677492	0.0009289830295626	1.0	0.0094358972796322	818.0	0.02218853416472
LBXVXY	LBXSNASI	continuous	7.831426633979563e-05	1.0	0.0054028302652562	238.0	-0.0655068472586346	0.0043679559175283	1.0	0.028949324857661	849.0	-0.1071539490796465
LBXVIA	LBXSGTSI	continuous	0.001297980787248	1.0	0.032194701367141	1592.0	0.1600959408782542	0.0002148256608527	0.2676727734225302	0.0029627173223853	2068.0	0.1750242427301415
SMQ020	LBXMCHSI	binary	0.0013304590426658	1.0	0.0326142255810801	1404.0	0.2681076800767012	0.0002248054004783	0.2801075289960756	0.0030446470543051	1759.0	0.3244101438409042
SMD410	LBXSGTSI	binary	0.0014939774519355	1.0	0.0354781253343641	1593.0	0.2657783174337806	1.769755329950418e-05	0.0220511514111822	0.0004160594605883	2077.0	0.3229920515587616
RHQ540	LBDPCT	binary	0.0012454461864089	1.0	0.0318188874037998	645.0	0.3244224634267129	0.0004141758292282	0.5160630832184429	0.0052127584163479	601.0	0.5558238465708274
LBXALC	LBDNENO	continuous	0.0016142518778264	1.0	0.037209541765205	884.0	-0.1408926272478465	4.092831612832929e-06	0.0050996681895898	0.0001457048054168	2050.0	-0.1207456865059569
SMQ020	LBXSTR	binary	0.0012927722091257	1.0	0.032194701367141	1368.0	0.1997028626259714	0.0004861702730423	0.6057681602107586	0.0056089644463959	1725.0	0.2060301652301913
DR1TMAGN	LBXSATSI	continuous	0.0007896735552739	1.0	0.0241867438179736	1517.0	0.1352256661483057	0.0015028336477034	1.0	0.0137646934401796	1966.0	0.0828776488788751
URXP07	LBXSCA	continuous	0.0009156994729943	1.0	0.026444092637973	484.0	0.0695849632387475	0.0013919696298264	1.0	0.0129432399907742	286.0	-0.0695849110257263
URXP05	LBXSBU	continuous	1.6915127732171052e-05	0.2735514456846702	0.0018359157428501	492.0	0.0486966902842617	0.006230613734994	1.0	0.0380556113421694	288.0	-0.0400408008333033
RHQ540	LBXFER	binary	0.0008282257575948	1.0	0.0247123006491201	650.0	0.3520867677066249	0.0017862895277969	1.0	0.0155644528086364	481.0	0.8492921435971568
URXMNP	LBXSTP	continuous	0.0012586827786069	1.0	0.0318750099770259	540.0	-0.0153948750016424	0.0008443805391524	1.0	0.008841160939361	649.0	-0.1287140290714302
taking_birth_control	LBXTIB	binary	0.0015651145111112	1.0	0.036523855517592	261.0	0.6148640867147902	0.0004370185392836	0.5445250999474509	0.0052142762896105	360.0	0.5417771806114547
LBXVOX	LBXSNASI	continuous	0.0006388574513182	1.0	0.020576079609174	241.0	-0.1316500634301903	0.0028186638867466	1.0	0.0223697783623333	855.0	-0.2305877556079251
LBXV4C	LBXCRP	continuous	0.0021335743348383	1.0	0.0438426482122051	231.0	-0.3008594940444836	8.262085054828745e-06	0.0102945579783166	0.0002254003163278	820.0	-0.0405843365192254
LBXCOT	LBXSGTSI	continuous	0.0020941359619144	1.0	0.0435062949225694	1564.0	0.110193259420028	3.827123580100365e-05	0.0476859598080505	0.0007450931220007	2074.0	0.1016575691843783
SMQ020	LBXSGTSI	binary	0.0019317498312538	1.0	0.0412140610435854	1368.0	0.2225252317738664	0.0002295990647419	0.2860804346684599	0.0030761337061124	1727.0	0.2397833217165371
supplement_count	LBXSATSI	continuous	0.0021133969368693	1.0	0.0435386691249065	1593.0	0.1334594258610585	5.064740531684998e-05	0.063106667024795	0.0009561616215878	2070.0	0.1237193646756719
URXP11	LBXHCY	continuous	0.0001472732684616	1.0	0.0081249556670735	499.0	0.3065750925708602	0.006186297715852	1.0	0.037971068738678	259.0	0.0765934737090763
DR1TP184	LBDPCT	continuous	0.0015281656001226	1.0	0.0359730627149694	1518.0	0.0634943016624599	0.0010991391449658	1.0	0.0105031052442823	794.0	0.0640974714408394
LBXRBF	LBXSAL	continuous	0.0015839895415302	1.0	0.0366995399221023	1590.0	-0.1109693002396576	0.0010199486008363	1.0	0.0099285621612668	2074.0	-0.1267926410478506
LBXCOT	LBXSC3SI	continuous	0.0021636700857066	1.0	0.0441246817478526	1564.0	-0.0554644112859899	0.0001924563337044	0.2398005917957725	0.0027250067249519	2070.0	-0.0883452345418689
SMD410	LBXSC3SI	binary	0.0016185611310459	1.0	0.037209541765205	1593.0	-0.1636595264817455	0.0010096704618115	1.0	0.0099059007513168	2073.0	-0.2400023490624671
DR1TIRON	LBXHCY	continuous	0.0007983455852456	1.0	0.0242685052717907	1546.0	-0.0974421625222178	0.0029408009752152	1.0	0.0229014875944886	1814.0	-0.0933375606193787
LBXBCD	LBXSGTSI	continuous	0.002352382388414	1.0	0.0471130809499363	1591.0	0.1046768161248268	3.9990937619108765e-06	0.0049828708273409	0.0001457048054168	2075.0	0.1762127711317678
URXDMA	LBXEOPCT	continuous	0.0013426730652095	1.0	0.0327506920219742	532.0	0.047872193408274	0.0017480172465378	1.0	0.0154470176538028	655.0	0.0425110282646888
LBXRST	LBXCPSI	continuous	0.0005336512683154	1.0	0.0184012970388009	675.0	0.0825052380177019	0.0045542168832548	1.0	0.02984085731197	475.0	0.1203855334588566
LBXCOT	LBXSAPSI	continuous	0.0023072478350088	1.0	0.0465078137047224	1564.0	0.0628316248438751	0.0001323435603389	0.1649000761822698	0.0020109765388081	2075.0	0.0694975317195678
LBXVTO	LBDHDL	continuous	0.0024477185795787	1.0	0.0486620018263194	241.0	0.0463605804145779	8.753549475893587e-06	0.0109069226469634	0.000227227555145	829.0	0.0163791395808695
DR1TCAFF	LBXSBU	continuous	0.0014856135141254	1.0	0.0353313849271137	1517.0	-0.1045722002536376	0.0017722899372089	1.0	0.0155512201532562	1971.0	-0.1674903550609786
LBXRBF	LBXSTR	continuous	0.0025470764944428	1.0	0.0501721328479042	1589.0	0.1253018617371371	3.925269353853289e-05	0.0489088561490119	0.000752443940754	2071.0	0.1626205331906806
URXGNS	LBXSUA	continuous	0.0025574649339729	1.0	0.0503154779953906	543.0	0.039638719479859	7.71822966057101e-05	0.0961691415707148	0.0012818689939248	650.0	-0.0356843283189832
total_days_drink_year	LBXSUA	continuous	0.0020495486422187	1.0	0.0429900138028029	747.0	0.1116363420688633	0.0008868716684765	1.0	0.0091325793299325	900.0	0.1360553839859682
URXEQU	LBXPLTSI	continuous	0.0011188459445321	1.0	0.0295653212662966	519.0	0.0374047252629309	0.0029958295350145	1.0	0.023185115531852	657.0	0.1225160634694983
URXDAZ	URXUCR	continuous	0.0026198806986358	1.0	0.0511699404086213	588.0	0.1340053699688835	0.0001221596143795	0.152210879516884	0.001902635993961	704.0	0.0765674376876214
URXP04	URXUMA	continuous	0.0010883500702282	1.0	0.0290442200259592	547.0	0.0709007556657485	0.0037728506483908	1.0	0.0267100676584943	314.0	0.1571673919761975
URXP04	URXUMASI	continuous	0.0010883500702282	1.0	0.0290442200259592	547.0	0.0709397738574376	0.0037728506483908	1.0	0.0267100676584943	314.0	0.1586975290757003
LBXVIE	URXUCR	continuous	8.385527791128459e-05	1.0	0.0056484399035891	1569.0	-0.1547649942761986	0.0085949933375489	1.0	0.0502786934205912	2041.0	-0.0639926573854104
LBXGTC	LBXSUA	continuous	0.0012682832071604	1.0	0.0319480934987513	1554.0	0.0961891692222513	0.0032234579014152	1.0	0.0247927687973048	2051.0	0.0861189202759866
URXP10	LBDLYMNO	continuous	3.127169998792394e-06	0.0505725932204705	0.0005108342749542	512.0	0.0366502910777172	0.0100551486793269	1.0	0.0566910192508658	292.0	0.1582982065510079
URXEQU	LBXSPH	continuous	0.0009583803426964	1.0	0.0270487380490174	506.0	0.1137664478426444	0.0048022657921122	1.0	0.0306852470613941	647.0	0.04450980718574
LBXF06	LBXHGB	continuous	0.0008057381565466	1.0	0.0243891355198955	383.0	0.2790364001887124	0.0053340700876985	1.0	0.0333982478857909	259.0	0.258069677583897
LBX149	LBXSBU	continuous	0.0004184702843128	1.0	0.0158407941450132	285.0	-0.2306392368883659	0.0073339556994331	1.0	0.0437230086195871	262.0	0.0572917739995229
LBXVTO	LBXBAPCT	continuous	0.0005899847858906	1.0	0.0195434079269031	239.0	-0.045082054134068	0.0066225470978408	1.0	0.0400567654558725	818.0	0.0175234555581211
DR1TM221	LBXSIR	continuous	0.0031902163100244	1.0	0.0573310295008976	1516.0	0.096349309456827	0.0001590301156523	0.1981515241028259	0.0023589467155098	1971.0	0.0212241125986314
total_days_drink_year	LBXMCHSI	continuous	0.0032721354017484	1.0	0.0580229974967939	760.0	0.1744828991357262	0.0001246315947931	0.1552909671123165	0.0019171724334853	913.0	0.1732672188515908
URXUPT	LBXMCVSI	continuous	0.0017887720772045	1.0	0.0392480850249133	520.0	24.167028317526054	0.0025332468887201	1.0	0.0207659580483245	728.0	77.51461288470655
LBXB12	LBXSATSI	continuous	0.0019299483036219	1.0	0.0412140610435854	1591.0	2.6995467703617195	0.0022901078047888	1.0	0.0190231621651127	2056.0	0.5841744744321123
LBXVIA	LBXHGB	continuous	0.0017910639839467	1.0	0.0392480850249133	1598.0	0.0886430616583937	0.0027149764501853	1.0	0.0218249074640704	2070.0	0.1335193606869053
DR1TM221	LBDPCT	continuous	0.0030462903990467	1.0	0.0561100322703699	1518.0	0.0946599872696234	0.0004394053053042	0.5474990104091058	0.0052142762896105	794.0	0.0231818659500634
DSDCOUNT	LBXSCLSI	continuous	0.0011085308098643	1.0	0.0293406878185389	1593.0	-0.2430642418901914	0.0050836694151837	1.0	0.0319911721783787	2077.0	-0.0346008228115791
LBXVOX	LBXNEPCT	continuous	0.0034896794451722	1.0	0.0602679142455843	239.0	0.1227007921801118	0.0002342549087289	0.2918816162762914	0.0031051235774073	846.0	-0.3272279002954467
SMQ040	LBDNENO	categorical	0.0029187269323425	1.0	0.0544626017871328	619.0		0.0009698705033313	1.0	0.0096676691772073	1202.0	
SMD410	LBDMONO	binary	0.0016244086375361	1.0	0.037209541765205	1624.0	0.2606359215728995	0.0039243188590002	1.0	0.0270149243000792	2098.0	0.2063269480277062
DR1TPROT	LBXHCY	continuous	0.000671134139115	1.0	0.0213653175152933	1546.0	-0.0769375691230505	0.007289751559539	1.0	0.0436684155922387	1814.0	-0.0594171064322622
LBXB12	LBXSASSI	continuous	0.0003431594907773	1.0	0.0142979927946298	1591.0	2.749028605498084	0.0088337751776929	1.0	0.0514340367822682	2056.0	0.6310690761449022
URXP10	LBDMONO	continuous	1.3720568366872442e-05	0.2218890316290611	0.0015625988142891	512.0	0.0585566025860682	0.0124058295284574	1.0	0.0644069316352416	292.0	0.1665601689831274
LBXFOL	LBXSBU	continuous	0.0030939709172417	1.0	0.056651440150367	1591.0	0.1541623884896067	0.0009917169693866	1.0	0.0098069789194901	2065.0	0.1782646885702097
LBXME	LBXBAP	continuous	0.0002816213579971	1.0	0.0126862969401956	1047.0	0.108621407045058	0.0094006710156255	1.0	0.0539780464768176	642.0	0.1394337599469018
LBXTNA	LBXSTR	continuous	0.0001639110786629	1.0	0.0087773839872098	481.0	0.2880274603380846	0.010643347062932	1.0	0.0584211913674597	282.0	0.359169485077907
LBXVTO	LBXPLTSI	continuous	0.0041346432086253	1.0	0.0673333913043336	240.0	0.0433599301240882	2.2548824476874076e-05	0.028095835298185	0.0004844069889333	829.0	-0.0351240000385106
SMD410	LBXSTB	binary	0.0025270780644318	1.0	0.0498997636849713	1592.0	-0.3049082743499411	0.0021207046799134	1.0	0.0179458012668306	2077.0	-0.1962483428047202
URXMEP	URXUCR	continuous	0.0035662991716373	1.0	0.0611651008538254	584.0	0.1358874096788589	0.000631418685505	0.7867476821393182	0.0067823076046492	709.0	0.1437667268987262
DR1TPROT	LBXSATSI	continuous	0.0020235859460171	1.0	0.0427783423777637	1517.0	0.1137504971242702	0.0033757404835058	1.0	0.0254919554087773	1966.0	0.0662048130999403
cigarette_smoking	LBDNENO	binary	0.0020446463381521	1.0	0.0429900138028029	619.0	0.3497482913102684	0.0035264053796009	1.0	0.0257497609015602	1202.0	0.232333386040044
LBXVOX	LBXSOSSI	continuous	0.0041420415326669	1.0	0.0673333913043336	241.0	-0.1017700335951973	0.0001637405202477	0.2040206882287304	0.0024002433909262	855.0	-0.2898901947224068
SMQ020	LBXSTP	binary	0.001817085124518	1.0	0.0396570858754463	1367.0	-0.1785175241442806	0.0047891837758558	1.0	0.0306852470613941	1724.0	-0.1319864789867388
LBXRBF	LBXLYPCT	continuous	0.0022032012885797	1.0	0.0447615216569241	1619.0	-0.1334385517255207	0.0034949465121697	1.0	0.0257497609015602	2092.0	-0.1601779391516978
URXEQU	LBXGH	continuous	7.233727765764472e-06	0.116983845427943	0.0009068515149452	518.0	-0.080984184104444	0.0136877720386033	1.0	0.0696120977963256	657.0	0.0308315176842436
total_days_drink_year	LBXSATSI	continuous	0.0003599604984307	1.0	0.0148124203069284	747.0	0.2033597438854678	0.0097552357530011	1.0	0.055756989670823	898.0	0.0995976856061764
DR1TFDFE	LBXHCY	continuous	0.0002350239023391	1.0	0.0111460602599064	860.0	-0.1285158839972221	0.0109009093508684	1.0	0.0594698952639441	1814.0	-0.1023838069801661
LBXCBC	LBXSAL	continuous	0.0001182113758999	1.0	0.0070804235964967	882.0	0.1278912662042895	0.0123768135914999	1.0	0.0644069316352416	1945.0	0.0762860626305629
LBXVIA	LBXMMA	continuous	3.900878510775512e-05	0.6308500727626157	0.0033916670578635	1596.0	0.1627332923147523	0.0133680254054089	1.0	0.068406131997108	913.0	0.1558860752289309
LBXVIA	LBDNENO	continuous	0.000316500240839	1.0	0.0136491783862649	1592.0	0.1203166278710537	0.0105612634927682	1.0	0.0582271429734036	2050.0	0.0896936496845526
SMQ020	LBXSLDSI	binary	0.0019749743644036	1.0	0.042025375554127	1368.0	-0.2484514717478702	0.0047069804950547	1.0	0.0303880709680736	1722.0	-0.1441020847393384
DR1TSUGR	LBXSBU	continuous	0.0046979125105492	1.0	0.0725641271447977	840.0	-0.1327211159615907	1.625027628201213e-06	0.0020247844247387	7.787632402841198e-05	1971.0	-0.1217820188183313
LBXF06	LBXHCT	continuous	0.0002770375887195	1.0	0.0125497251674297	383.0	0.3201550386752195	0.0114009212361979	1.0	0.0609680165678226	259.0	0.2544891926609258
LBXOXY	LBXSTR	continuous	0.002074890818772	1.0	0.0432411524757488	426.0	0.3227401566817106	0.0046863784622227	1.0	0.0303880709680736	284.0	0.4466182110784532
DR1TNIAC	LBXHCY	continuous	0.0001339874395951	1.0	0.0076185782152739	1546.0	-0.0932749131892351	0.0129377403963489	1.0	0.0668897283562271	1814.0	-0.0642999652500288
LBXCOT	LBXSTR	continuous	0.0043459991693477	1.0	0.069656589263322	1563.0	0.0533317555864462	0.0004835415457043	0.602492765947574	0.0056089644463959	2072.0	0.0579639261436889
LBXBPB	LBXSC3SI	continuous	0.0004192344727965	1.0	0.0158407941450132	1591.0	-0.1272919258087532	0.0109298603655242	1.0	0.0594698952639441	2071.0	-0.0611197915987961
LBXCOT	LBDMONO	continuous	0.0027468685056359	1.0	0.0529213456372517	1561.0	0.08772975619373	0.0028884132262582	1.0	0.0227102697628601	2066.0	0.0801721447233511
URXUCD	URXUMA	continuous	0.0048394879872836	1.0	0.0739737237526945	543.0	0.195515889023397	0.0001220084347575	0.1520225097079607	0.001902635993961	757.0	0.2259678597803203
LBXVIA	LBXSPH	continuous	0.0054095708107068	1.0	0.0778856101702187	1592.0	0.1850121344783373	1.806649352768272e-05	0.0225108509354926	0.0004168676099165	2069.0	0.1732793575481252
LBXD01	LBXSTR	continuous	0.0027663604257129	1.0	0.0531325187703436	388.0	0.1626542747063533	0.0033673482037946	1.0	0.0254919554087773	259.0	0.2157553079434173
LBXLUZ	LBXSAL	continuous	0.000440393543987	1.0	0.0164102405376922	882.0	0.1456522928810538	0.0117366777041763	1.0	0.0622293634868244	2069.0	0.0677295071606738
COPPER_mg	LBXHCY	continuous	0.0040865402713496	1.0	0.0670258917528057	1615.0	-0.1089673547803617	0.0013102766865858	1.0	0.0123682178142879	1906.0	-0.65578204930286
LBXVOX	LBXMMA	continuous	0.0023150377215125	1.0	0.0465078137047224	241.0	-0.1137040803839724	0.005364524607078	1.0	0.0334209883020964	265.0	-0.4088846104588324
LBXEND	LBXSBU	continuous	0.0004240519314343	1.0	0.0159854728092236	263.0	-0.2963580196702608	0.0122400729000944	1.0	0.0640803816534355	257.0	0.1462461619378733
URXUSB	LBXSTP	continuous	0.0028796090407409	1.0	0.054087151459771	504.0	-0.079061601001144	0.0038828298874684	1.0	0.0269345571866002	704.0	0.0280945998445492
SMQ020	LBXMCVSI	binary	0.0056058751780973	1.0	0.0798750778680086	1404.0	0.2375449504463401	6.981395751551095e-05	0.0869881910643266	0.0012251857896384	1759.0	0.338787946296952
URXOP2	LBXSLDSI	continuous	0.0011268251037382	1.0	0.0297199315522535	417.0	0.0150522384713588	0.0089270304607818	1.0	0.0517352556006242	284.0	0.1995195766217743
LBXBPB	LBXSGTSI	continuous	7.8411229828356e-05	1.0	0.0054028302652562	1591.0	0.1663803624076444	0.0157490584531456	1.0	0.0760594063279825	2075.0	0.1077208186677223
URXUPT	LBXMCHSI	continuous	0.0048259732267688	1.0	0.0739737237526945	520.0	24.781243977927076	0.00070670117715	0.8805496667289728	0.007526065527598	728.0	98.94767455130592
URXUPT	LBXSPH	continuous	0.0058805809770995	1.0	0.0821250048028093	510.0	17.354056566658823	2.0311656020031155e-06	0.0025308323400958	8.997673210133867e-05	706.0	193.31202796428403
total_days_drink_year	LBXMCVSI	continuous	0.0057978309403966	1.0	0.08162578481058	760.0	0.161135031062544	7.818783590552648e-05	0.097422043538286	0.0012818689939248	913.0	0.1820311063776417
LBXFOL	LBXSATSI	continuous	0.0030279698340674	1.0	0.0558999179869159	1591.0	0.1246583711711897	0.0041331858769947	1.0	0.0279888565366058	2059.0	0.1825017966343007
taking_birth_control	LBXCRP	binary	0.0032218655070523	1.0	0.0575099436865906	263.0	0.5272399414366707	0.0038774997874657	1.0	0.0269345571866002	363.0	0.5780281413083614
LBXVIE	LBXHGB	continuous	0.0001888518298315	1.0	0.0096649107342912	1594.0	0.1171194640993834	0.0153836456376832	1.0	0.0753131560581132	2070.0	0.0694587152565489
LBXBEC	LBDLDL	continuous	0.0052572434352203	1.0	0.076462308662396	378.0	0.3166237499446618	0.0010539486618905	1.0	0.0101800002536092	1000.0	0.1873247867097206
MAGNESIUM_mg	LBXSATSI	continuous	0.0021634633859499	1.0	0.0441246817478526	1583.0	0.0771499334774258	0.0070645815190928	1.0	0.0425240027670998	2065.0	0.1317928236890024
URXUPB	LBXSGB	continuous	0.0010782343186618	1.0	0.0289675813514444	509.0	-0.1121488634625505	0.0104474383135996	1.0	0.0578555917277565	704.0	0.0445154345787056
LBXBCD	LBXRBCSI	continuous	0.0031978838484506	1.0	0.0573310295008976	1629.0	0.0675179984242586	0.0045743208239055	1.0	0.02984085731197	2114.0	0.0676499633365658
LBXVTO	LBXSCLSI	continuous	0.0004026413487802	1.0	0.0156487881444562	241.0	-0.0575232591063539	0.0142449158319013	1.0	0.0718589681236804	828.0	-0.0102780601904104
LBXVXY	LBXMMA	continuous	0.0006102858298932	1.0	0.0199384695778469	238.0	-0.0649767807793802	0.013395743344538	1.0	0.068406131997108	262.0	-0.2528138564980386
URXMNP	LBXSGB	continuous	2.775308233799011e-06	0.0448822847569976	0.0004627039665669	540.0	-0.0277786622649224	0.018764014843935	1.0	0.0880296546474964	649.0	-0.0722849161139018
URXUBA	LBXSGB	continuous	0.003538284821423	1.0	0.0608735554596314	500.0	-0.0282409774709965	0.0043641649652338	1.0	0.028949324857661	704.0	0.0811607183940411
LBXVTC	LBXSPH	continuous	0.0010723859386584	1.0	0.0289526300500575	236.0	-2.670043770910548	0.011456538271027	1.0	0.0610036183149561	831.0	-0.0593610894154319
URXMNP	LBXSAL	continuous	0.0004010930657991	1.0	0.0156487881444562	540.0	0.0125852460188403	0.0151028875146094	1.0	0.0746753882666799	651.0	-0.0698020227561539
URXDMA	LBXRBCSI	continuous	4.283975679568951e-05	0.6928045468998908	0.0036656325232798	533.0	0.0492734375788652	0.018797682691925	1.0	0.0880296546474964	659.0	-0.0208077389219036
VITAMIN_C_mg	URXUMA	continuous	1.0993151404224633e-08	0.0001777812445091	5.228860132621235e-06	1684.0	-0.0074482709834725	0.0201095965454261	1.0	0.092459621016978	2185.0	-1473.2790112829994
LBXRBF	LBXSBU	continuous	0.0036123706476665	1.0	0.0618193207556221	1590.0	0.2049188096164063	0.004905753551403	1.0	0.0311865761482052	2074.0	0.1154101303925555
LBX110	LBDHDL	continuous	0.0046126545722658	1.0	0.0719384797304981	285.0	0.294172941856601	0.0026715360350206	1.0	0.0216151551924396	262.0	0.0766104334448652
SMQ020	LBXSGB	binary	0.0016225145179766	1.0	0.037209541765205	1367.0	-0.2007575891260012	0.0101918381274704	1.0	0.0569463242458663	1724.0	-0.1342174190994674
LBXF07	LBXHCT	continuous	0.0051147509769408	1.0	0.0758860117422823	388.0	0.2411305186411595	0.0022178445564862	1.0	0.0185465390428317	259.0	0.2176340642493769
LBXLUZ	LBDHDL	continuous	0.0074532893887465	1.0	0.0941423116204362	880.0	0.1701107702546234	2.293740958833741e-05	0.0285800123470684	0.0004844069889333	2071.0	0.1781472018896541
LBXB12	LBXSGTSI	continuous	0.0002274863589906	1.0	0.0108843473301663	1591.0	1.91136166669674	0.0178138521958621	1.0	0.0843753414724958	2061.0	0.2562480347122626
URXEQU	LBXSOSSI	continuous	0.0056968453623448	1.0	0.0808129370705659	506.0	0.0597241206006047	0.0016525132453359	1.0	0.0147073678834899	647.0	-0.0807450394060141
URXUHG	LBXSCR	continuous	0.0075296507695802	1.0	0.0943218530175456	534.0	-0.0586263489727072	7.519194973030185e-05	0.0936891693639561	0.0012660698562696	695.0	-0.0394692908371622
LBXBEC	LBXSGTSI	continuous	0.0043149249825366	1.0	0.0692958955487408	882.0	-0.1958470355980384	0.0036532739327142	1.0	0.0263120191916878	2068.0	-0.1058320807347731
LBXRBF	LBXSATSI	continuous	0.007577925751776	1.0	0.0946333708553836	1590.0	0.0947236665369554	8.305517031848997e-05	0.1034867422168385	0.0013439836651537	2068.0	0.1440143035997599
URXUMO	LBXSCR	continuous	0.0073793036411934	1.0	0.093934690515048	501.0	-0.0626844731304095	0.0001849760559413	0.2304801657029194	0.0026491973069301	706.0	-0.0229282918090082
RIBOFLAVIN_mg	LBDHDL	continuous	0.0018590004272744	1.0	0.0403540334360844	1573.0	0.1372529000622207	0.0099397052673592	1.0	0.0562948761960436	2061.0	307.78359515680165
URXUPT	URXUMA	continuous	0.0051418767199983	1.0	0.0759765536985543	552.0	-20.912025680741458	0.0025239982780383	1.0	0.0207659580483245	761.0	-111.5421031492578
LBXV4C	LBXSATSI	continuous	0.0078827400085577	1.0	0.0969566789623715	231.0	-0.4748396683317923	1.2565418943178465e-06	0.00156565120032	6.532140282310973e-05	818.0	0.0773762166302011
LBXGTC	LBXMOPCT	continuous	0.0042331204881876	1.0	0.0683213817714279	1553.0	-0.1292806045945946	0.0042921712489254	1.0	0.0289083533846547	2033.0	-0.1029581579372752
URXEQU	LBDPCT	continuous	9.4362236750458e-05	1.0	0.0061662680070806	502.0	-0.0367073585438293	0.0201919527390414	1.0	0.0924969599736973	260.0	0.0607840939984606
LBXD03	LBXSOSSI	continuous	0.0009344696032182	1.0	0.026786194400732	389.0	0.2324965630830512	0.0143940052990086	1.0	0.0723182685587288	259.0	0.2117745688762883
DR1TP184	LBXIRN	continuous	0.0064265737277659	1.0	0.0874697861997474	1528.0	0.0544817133645839	0.0015620304387275	1.0	0.0141035501931489	794.0	0.0682567906939934
URXP04	LBXSC3SI	continuous	0.0009641164429339	1.0	0.0271241112048552	502.0	-0.0827411043562575	0.0154413440203958	1.0	0.0753131560581132	287.0	-0.1579881904594227
LBXVXY	LBXPLTSI	continuous	0.0032863216741556	1.0	0.058210727398078	237.0	0.049139477770123	0.0074567983288651	1.0	0.0442436700845997	850.0	0.1375637430831248
LBXVTO	LBXSC3SI	continuous	0.0074884322726468	1.0	0.0941621170598554	241.0	-0.0213696824300679	0.0008174972497615	1.0	0.0086322167220579	826.0	0.023765702188058
LBXVIE	LBXSNASI	continuous	0.0011751488777685	1.0	0.0305048276906464	1588.0	-0.1633669809210781	0.0148071364569652	1.0	0.0735047491050946	2069.0	-0.0767312213549625
RHQ510	LBXSCLSI	binary	0.0082271007726047	1.0	0.0997366369524462	750.0	0.298332311696811	0.0003848614537578	0.4795373713822307	0.0048932384834921	966.0	0.2829458572588158
DR1TALCO	LBDHDL	continuous	0.0051902129798949	1.0	0.0762362618627256	1513.0	0.1038304042041271	0.0043574151930275	1.0	0.028949324857661	1978.0	0.0967885221325649
URXUTU	URXUMASI	continuous	0.0067381550229715	1.0	0.0892460630888584	547.0	0.1711914989169111	0.0019208735339196	1.0	0.0166208918282217	374.0	0.2018449361612715
LBXCRY	LBXRDW	continuous	0.0055719182519015	1.0	0.0794612539415794	885.0	-0.1571667441852766	0.0037543239372268	1.0	0.0267100676584943	2043.0	-0.1011506120720279
LBXGTC	LBXSOSSI	continuous	0.0066777395033779	1.0	0.0889618390413564	1554.0	0.1013645323334724	0.0020571093074986	1.0	0.0176295187654139	2051.0	0.089404868840847
LBXB12	LBXSLDSI	continuous	0.0002266177147519	1.0	0.0108843473301663	1591.0	1.812249083273819	0.0212803237964731	1.0	0.0964192125469291	2056.0	0.4164084609512498
LBXBCD	LBDBANO	continuous	0.0005839225420043	1.0	0.0194304431055443	1620.0	0.0883778471499028	0.0188634974244635	1.0	0.0880296546474964	2094.0	0.0790490103303844
LBXVXY	LBXLYPCT	continuous	0.0005740604311541	1.0	0.0191812092822832	236.0	-0.0524903373305269	0.0190481364087825	1.0	0.0885596192736682	839.0	0.1743295626618707
LBXFOL	LBXSTB	continuous	0.0074438682260903	1.0	0.0941423116204362	1590.0	0.0972609875609196	0.0015134534520903	1.0	0.0137646934401796	2064.0	0.1493514784624857
total_days_drink_year	LBDMONO	continuous	0.0056891339435418	1.0	0.0807767112686201	754.0	0.1229481155536497	0.0039947593501853	1.0	0.0271992904389667	906.0	0.1283646958544198
LBXGTC	LBXSAPSI	continuous	0.0014801643196184	1.0	0.0352739307226207	1554.0	0.1191348518224238	0.0147729862275584	1.0	0.0735047491050946	2051.0	0.0699353993716298
LBXRBF	LBXNEPCT	continuous	0.0060745466731451	1.0	0.0843965367681299	1619.0	0.1056544543592864	0.0038910275229438	1.0	0.0269345571866002	2092.0	0.1349896485823468
VITAMIN_C_mg	LBXGLU	continuous	0.0061484755223903	1.0	0.0850808487936972	794.0	-0.0042834895767462	0.0044792148167078	1.0	0.0295296384212593	1021.0	-2050.2002565949656
DR1TTHEO	LBXIRN	continuous	0.0052482447606993	1.0	0.076462308662396	1528.0	-0.085712282823797	0.0063910365473129	1.0	0.0388450318924485	794.0	0.1192552270951233
URXEQU	LBXMCHSI	continuous	0.0019461570668265	1.0	0.041466735289484	519.0	0.0397090027230264	0.0156752082377006	1.0	0.0759973130901748	657.0	-0.0600409922241579
cigarette_smoking	LBXSAPSI	binary	0.0030502343766412	1.0	0.0561187603402072	609.0	0.2299057923192482	0.0119008444680293	1.0	0.0628324246066295	1191.0	0.2034551516651599
DR1TFA	LBXHCY	continuous	0.0019184978099283	1.0	0.0411388255882427	860.0	-0.1324209050828198	0.0165517644919576	1.0	0.0791714382976889	1814.0	-0.1060164650815741
LBXCBC	LBDMONO	continuous	0.0045839101131802	1.0	0.0718549056765172	884.0	-0.0954321042492361	0.0083757652052279	1.0	0.049227374743934	1927.0	-0.0704100313528693
LBXRPL	LBXSCA	continuous	0.0075286781478692	1.0	0.0943218530175456	1455.0	0.0994773611851603	0.0039600596884846	1.0	0.0271111778673176	2042.0	0.0756761959708171
DR1TALCO	LBXTIB	continuous	0.0077753876469214	1.0	0.0960803953438522	1518.0	0.0595998920580804	0.0038079197629854	1.0	0.0268060340377394	794.0	0.1196536964752986
URXOP1	URXUCR	continuous	0.0046054488085225	1.0	0.0719384797304981	451.0	0.2210700100040552	0.0091969240178361	1.0	0.0530526265102953	304.0	0.0721045883862535
LBXB12	LBXSCR	continuous	0.0068415382820041	1.0	0.0901555545834386	1591.0	1.6176520760345978	0.0057763938838944	1.0	0.0358078944245397	2062.0	0.3453024035824927
DR1TPOTA	LBXSATSI	continuous	0.0040199466670375	1.0	0.066269701834181	1517.0	0.1133024175785711	0.011179453917831	1.0	0.0600413775069721	1966.0	0.0614465819430345
LBXCOT	LBDBANO	continuous	0.0048839301426329	1.0	0.0743228665633966	1561.0	0.0791874698431053	0.0098677046522298	1.0	0.0561422830898556	2066.0	0.0704146373172665
URXUCD	URXUMASI	continuous	0.0048394879872836	1.0	0.0739737237526945	543.0	0.1956234855696475	0.0101273070582474	1.0	0.0568406513269202	370.0	0.2259243145938148
DRD350H	LBXHCY	binary	0.0078646025338968	1.0	0.0969106852631735	447.0	0.2541188618657974	0.0059361463700651	1.0	0.0366160315698077	656.0	-0.2285448951592626
URXUPT	LBXMMA	continuous	0.0066739938322173	1.0	0.0889618390413564	516.0	-10.30864470784169	0.007611582129096	1.0	0.044948015795515	347.0	-155.40710528176274
total_days_drink_year	LBXTIB	continuous	0.0033955725125118	1.0	0.0593015104452928	745.0	0.1210277096365489	0.0152186905746129	1.0	0.0749505472567896	335.0	0.1764816497894181
URXP22	LBXSTR	continuous	0.0044488110868336	1.0	0.0708131622994814	293.0	0.0480101099873912	0.0121292486316492	1.0	0.0637681172786285	264.0	-0.0362665973776937
DR1TP184	LBXSIR	continuous	0.0021557285669327	1.0	0.0440738841775423	1516.0	0.0591194793717931	0.0199056783525322	1.0	0.0918610193602043	1971.0	0.0456579457976057
LBXCBC	LBXSGTSI	continuous	0.0052639078074658	1.0	0.0764626571397083	882.0	-0.1286890066909915	0.0110167641923053	1.0	0.0596821225374456	1944.0	-0.0807014413128891
cigarette_smoking	LBXHGB	binary	0.0020004527024281	1.0	0.0424224838474065	622.0	0.2577874366165168	0.0205879971128635	1.0	0.0939657304125567	1213.0	0.1318979693700934
VITAMIN_A_IU	LBXSATSI	continuous	0.0031413978018035	1.0	0.0569869505718184	1580.0	0.0890226282036418	0.0169204327014491	1.0	0.0804689280381895	2056.0	0.24594841953948
DR1TCARB	LBXHCY	continuous	0.0057385345253096	1.0	0.0811220107896044	1546.0	-0.0530178906715943	0.0103937572689808	1.0	0.0578152748087061	1814.0	-0.063374546265541
URXMIB	URXUMASI	continuous	0.0042217453798036	1.0	0.0682058604217625	328.0	0.191830635252812	0.0139839459907418	1.0	0.0708292548961963	323.0	6.259359790498544
LBXLUZ	LBXSGB	continuous	0.0041228586272419	1.0	0.0673333913043336	881.0	-0.0821266319402793	0.0165840653255993	1.0	0.0791714382976889	2065.0	-0.0629024880139159
LBXLUZ	URXUMA	continuous	0.0047815181779525	1.0	0.0735684243044965	878.0	-0.1347646103332272	0.0154736500408322	1.0	0.0753131560581132	2041.0	-0.0747673219948943
LBXVIE	LBXCRP	continuous	0.0052801744929193	1.0	0.0765838402686029	1595.0	0.0810091914742566	0.0146598373531856	1.0	0.0733580616147362	2071.0	0.0696863416443283
LBXBEC	LBDMONO	continuous	0.0048381931543979	1.0	0.0739737237526945	884.0	-0.1073499130965658	0.0162775247954234	1.0	0.0783080922590642	2050.0	-0.0700701874327097
LBXVIA	LBXHCT	continuous	0.0071782487694547	1.0	0.0928693112796973	1598.0	0.0804397469933861	0.0111527700579163	1.0	0.0600413775069721	2070.0	0.1142698217961252
SMD410	LBXFER	binary	0.0036481534609352	1.0	0.0621780271128857	1607.0	0.131296265942919	0.0208092093655753	1.0	0.0946287403996602	714.0	0.2329150512253704
URXP05	LBXHCY	continuous	0.0068081919500951	1.0	0.0899126224836522	505.0	0.0184623427516325	0.0131005950436528	1.0	0.067451824067733	291.0	0.0730532501807982
URXP21	LBXSTP	continuous	0.0070817431666526	1.0	0.092210910218282	293.0	-0.0680212651797654	0.017877279413113	1.0	0.0843753414724958	259.0	0.0439030751732929
DR1TM161	LBXSATSI	continuous	0.0067844627178863	1.0	0.0897858683090498	1517.0	0.0939283963305023	0.0192411720225475	1.0	0.0891245365802757	1966.0	0.0564315666717098
URXP14	LBXLYPCT	continuous	0.0077083731474204	1.0	0.0955247590345467	494.0	-0.1665184873231709	0.0219985601613092	1.0	0.0993123404383745	267.0	-0.2588126750721973
