Variable	Outcome	Variable_type	pvalue_disc	pvalue_bonferroni_disc	pvalue_fdr_disc	N_disc	Beta_disc	pvalue_repl	pvalue_bonferroni_repl	pvalue_fdr_repl	N_repl	Beta_repl
LBXVIA	LBXSBU	continuous	1.3264743706363748e-09	2.1451743521931454e-05	1.1290391327332343e-06	1592	0.007582559943656558	9.3981876838037e-11	1.1719540041703214e-07	2.9298850104258035e-08	2069	0.008458951798182183
LBXGTC	LBXSTR	continuous	1.3332689786247166e-08	0.00021561625922318916	5.989340533977477e-06	1553	0.0012691331920876073	1.8091744459676484e-11	2.2560405341216577e-08	7.931079767282142e-09	2048	0.0016949552713754102
LBXVIA	LBXSCR	continuous	1.798539379172578e-08	0.00029085978839978933	7.2714947099947326e-06	1592	0.008886541498318752	5.937071513003915e-08	7.403528176715882e-05	5.6950216743968326e-06	2069	0.00660554028117538
LBXVIE	LBXSTR	continuous	3.6275702560874345e-08	0.0005866506618144599	1.3332969586692271e-05	1587	0.0004374699153267085	1.4277165314260858e-10	1.780362514688329e-07	3.560725029376658e-08	2066	0.0005576571406635598
LBXVIA	LBXSTR	continuous	4.660021590782471e-08	0.0007536186916613412	1.5379973299211046e-05	1591	0.00803841886577179	7.56503183645636e-09	9.43359470006108e-06	1.3476563857230115e-06	2066	0.009759900975533493
LBXVIA	LBXSUA	continuous	1.4466062691761937e-06	0.023394516585117403	0.00027850614982282627	1592	0.015500536550417035	3.3579228531281378e-09	4.187329797850788e-06	6.97888299641798e-07	2069	0.020934813798763493
SMQ020	LBDLYMNO	binary	1.9196194321936482e-06	0.03104408545743568	0.0003443002809838493	1395	0.13689749279250268	1.637885577529049e-07	0.00020424433151787242	1.4588880822705172e-05	1739	0.12493315440989672
LBXVIA	LBXSAL	continuous	4.211253270497062e-06	0.06810438789047848	0.0006559734886108267	1592	0.0044978310235476255	6.245474164364859e-07	0.0007788106282962979	4.09900330682262e-05	2069	0.00416349898794076
LBXVIA	LBXSOSSI	continuous	6.595194280339791e-06	0.1066574819016551	0.000867133999200448	1592	0.05098563237154864	4.834580042074621e-08	6.028721312467052e-05	5.023934427055877e-06	2069	0.05626832052885197
total_days_drink_year	LBXSGTSI	continuous	4.461070231523986e-06	0.0721444277842059	0.0006680039609648694	747	0.002027091692171471	1.170382045013624e-05	0.014594664101319892	0.00028616988433960574	900	0.0021844889574940103
URXUCD	URXUCR	continuous	9.0011501759644e-06	0.14556660064569626	0.00108631791526639	543	0.4171426220857934	5.672577666368524e-07	0.0007073704349961549	3.929835749978638e-05	757	0.5451062206427416
LBXRBF	LBXEPP	continuous	3.940297787943847e-08	0.000637224958266279	1.3852716484049543e-05	1629	0.0008895021874466431	6.974111340946346e-05	0.08696716842160093	0.0012261690848132112	721	0.0011866332783548492
LBXRBF	LBXHGB	continuous	8.723538415666505e-06	0.14107706325815872	0.0010607297989335242	1628	-0.001608331737457273	1.4372818434172436e-05	0.017922904587413028	0.0003446712420656352	2112	-0.00268776181353888
LBXVIA	LBXHCY	continuous	8.633119371757921e-07	0.01396148064800691	0.00018866865740549876	1598	0.005754555086405402	9.572915897709236e-05	0.11937426124443418	0.001530439246723515	1880	0.003051488188555485
URXEQU	LBXSAPSI	continuous	1.905787636188003e-05	0.30820397652432385	0.00200132452288522	506	6.517191755058091e-05	1.9339713404133982e-08	2.4116622614955077e-05	2.4116622614955074e-06	647	0.0001567608365607961
LBXVIA	LBXFER	continuous	2.0818014015878474e-05	0.3366689226647867	0.0021508749818197302	1599	0.013134723635443315	7.88006895449774e-06	0.009826445986258682	0.00022558121543908512	708	0.014940938778764387
LBXCOT	LBDLYMNO	continuous	2.9721712431516917e-05	0.48065953344249157	0.002810874464575974	1561	0.0004600382168422451	1.908038436395062e-11	2.3793239301846425e-08	7.931079767282142e-09	2066	0.000536433906137921
total_days_drink_year	LBDHDL	continuous	2.4154404992796277e-05	0.39062503754350136	0.0023674244699606146	745	0.0005420601774105128	3.4697709472030925e-05	0.043268043711622566	0.0006867943446289296	903	0.0005867944117770334
URXDMA	LBDEONO	continuous	7.641182300405786e-06	0.12357320016216237	0.0009505630781704798	532	1.852458733804196e-05	0.00015646799607020145	0.1951155910995412	0.00235079025421134	655	1.5009089154488078e-05
SMQ020	LBDMONO	binary	3.600075854036133e-05	0.5822042671147234	0.003198924544586392	1395	0.10758636899554139	4.853410793908245e-06	0.006052203260003582	0.0001681167572223217	1739	0.029372715473968948
URXUPT	LBDLDL	continuous	3.6733846462235816e-05	0.5940597649872776	0.0032462282239741945	220	7.284423414195274	2.053093527530499e-05	0.025602076288305322	0.0004654851183948001	351	2.8416196295725404
LBXBPB	LBXHCY	continuous	4.102093898205803e-05	0.6633906252178425	0.0035286735383927795	1625	0.033318932672001	5.7213466824316e-06	0.007134519312992205	0.00018462888669913225	1913	0.026914911439115924
LBXVTO	LBXSNASI	continuous	5.142630586087059e-05	0.8316662183819992	0.0040569083823512155	241	-0.045506271680512744	1.2028775882413089e-06	0.001499988352536912	6.537382770498422e-05	828	0.000699798838058846
LBXB12	LBXHCY	continuous	4.929039554390991e-05	0.7971242767361111	0.004005649631839754	1605	-0.00019132254602212263	8.116154151138253e-06	0.010120844226469403	0.00022558121543908512	1885	-0.00021156883752809752
LBXVIE	LBDLDL	continuous	5.314677490687113e-05	0.8594896437939199	0.00415641787710053	679	0.0002962451146272261	6.558682385238876e-06	0.008178676934392878	0.0001994799252290946	1000	0.0003119121721421246
DR1TCARB	LBXSBU	continuous	4.606266526018044e-05	0.744925422587638	0.003879819909310615	1517	-0.00027206816136347525	2.5096446190010695e-05	0.03129526839894334	0.0005130371868679235	1971	-0.00047775876392092473
LBXB12	LBXSCLSI	continuous	5.907717398632607e-05	0.9553960577068652	0.004423129896791043	1591	-0.001453733727212153	2.2183921101423603e-05	0.027663349613475233	0.00048479575858728554	2062	-0.0010578489056217088
URXEQU	URXUCR	continuous	5.3201737605726546e-05	0.8603785005598097	0.00415641787710053	549	0.00013481503866016206	5.913715730105202e-05	0.07374403515441187	0.0010687541326726358	701	0.0001228430607719479
LBXGTC	LBDLDL	continuous	8.414197405489373e-05	1.0	0.005648439903588858	665	0.0005959435632482392	1.866333626958647e-07	0.00023273180328174328	1.5515453552116216e-05	990	0.0009074182135633032
URXDMA	LBXHCY	continuous	3.469512734313343e-05	0.5610895993931538	0.003134578767559519	531	-3.91796634253347e-05	0.00017654867122899058	0.22015619302255127	0.0025599557328203635	597	-2.0547878414612477e-05
LBXCOT	LBXMCHSI	continuous	8.290339109908495e-05	1.0	0.0056332505918252175	1566	0.0025714389118268134	3.072040863973499e-06	0.003830834957374953	0.00012437869455658455	2086	0.002712444136973946
LBXVIE	LBXSCLSI	continuous	8.28761689742618e-06	0.1340273404651762	0.0010231094691998182	1588	-0.0011351735562734645	0.00038438947772674245	0.47933367872524785	0.0048971656411763344	2069	-0.0005974471441225378
LBXRBF	LBXHCT	continuous	8.660458506902746e-05	1.0	0.005787476651802943	1628	-0.00459930016464912	5.774279535899084e-06	0.007200526581266157	0.00018462888669913225	2112	-0.008524650007072808
URXEQU	LBXEOPCT	continuous	1.6086455711179546e-06	0.026015016176119562	0.0003025001880944135	517	0.0001277550114106661	0.0006246847491293357	0.7789818821642817	0.00677375549708071	654	0.00011616762736190555
LBXCOT	LBXMCVSI	continuous	0.00011664176491542468	1.0	0.0070649086974241505	1566	0.006174256573071253	1.2581971651320138e-06	0.0015689718649196211	6.537382770498422e-05	2086	0.007104247527083101
SMD410	LBDNENO	binary	0.00011463117451726925	1.0	0.006995529638842559	1624	0.11059140959046074	5.194504268371321e-05	0.06477546822659037	0.0009640708184971761	2098	0.10831156724085544
LBXCOT	LBDNENO	continuous	0.00015432996996266724	1.0	0.00834723837537209	1561	0.00047809127884176406	2.712590812895369e-07	0.0003382600743680525	2.1141254648003282e-05	2066	0.0005134546154442886
LBXFOL	LBXSCA	continuous	0.00012711709736865252	1.0	0.0073947399231865055	1591	0.006336538546356457	7.114916722646277e-05	0.08872301153139908	0.0012322640490472095	2065	0.007829719025976054
VITAMIN_C_mg	LBXHCY	continuous	1.787917971713735e-14	2.8914209438554524e-10	1.4457104719277262e-10	1608	-2.758187135373722e-06	0.0008856463775270045	1.0	0.009139908847858336	1895	-0.00012029708787277168
DR1TSELE	LBXHCY	continuous	3.535408725503306e-05	0.5717462990883947	0.0031588193319800812	1546	-0.00044586448444914744	0.0006100525185983973	0.7607354906922015	0.006673118339405276	1814	-0.0005634767316513239
LBXBEC	LBXCRP	continuous	0.00018524493292996816	1.0	0.009566782623680839	889	-0.014270164323167992	2.0903902670496235e-05	0.026067166630108805	0.0004654851183948001	2071	-0.00806032461545762
LBXBEC	LBDNENO	continuous	0.00020681264138021037	1.0	0.010290997035079267	884	-0.004302600405262638	1.0560011786670172e-06	0.0013168334697977705	6.270635570465575e-05	2050	-0.003862853737362062
LBXVIE	LBXSATSI	continuous	0.00020449305301430018	1.0	0.01026024887976774	1588	0.00013616021505682537	3.606813745708086e-06	0.004497696740897983	0.00014055302315306198	2063	0.00010343097999603483
SMD410	LBDLYMNO	binary	0.00021545248494885745	1.0	0.010590570172014964	1624	0.10912076719380082	2.889578961088445e-07	0.0003603304964477291	2.1195911555748767e-05	2098	0.13717716594049517
LBXVTO	LBXSOSSI	continuous	0.00021919357843370053	1.0	0.010709361179546238	241	-0.07597520277324513	6.049567057109777e-06	0.007543810120215892	0.0001885952530053973	828	0.22727745581801795
LBXVTO	LBXSPH	continuous	0.0002491814886563887	1.0	0.011613149955478725	241	-0.011455124588815407	1.7634306657050253e-08	2.1989980401341666e-05	2.4116622614955074e-06	828	0.027919861560908893
LBXVIE	LBXSCA	continuous	9.650623870470883e-05	1.0	0.006267867037480126	1588	0.00014783928687178976	0.0005320297608275909	0.6634411117520058	0.005976946952720773	2069	9.70711621906898e-05
LBXCBC	LBXCRP	continuous	0.0002878237000643225	1.0	0.012787595817143472	889	-0.25873756548172955	8.397472991505782e-06	0.01047164882040771	0.00022558121543908512	1947	-0.13149290623486182
LBXBCD	LBDLYMNO	continuous	0.0003021482065529456	1.0	0.013314280099112362	1620	0.09598754656109798	5.718646948233161e-06	0.0071311527444467525	0.00018462888669913225	2094	0.09990136168576676
LBXCBC	LBDNENO	continuous	0.00032984494025133917	1.0	0.01397391515068195	884	-0.07628186383666012	2.0941615015561044e-06	0.0026114193924404623	9.00489445669125e-05	1927	-0.05941786418269129
URXUTL	URXUCR	continuous	0.00022358392708363836	1.0	0.010866445771709622	547	1.5159128054570528	0.0002439671682100977	0.30422705875799183	0.003202390092189388	761	1.6680346507736035
LBXRBF	URXUCR	continuous	0.00015325979781161714	1.0	0.008317172651709639	1600	-0.0006714828285141589	0.0005393200476661153	0.6725320994396459	0.006004750887853981	2083	-0.0005381721529194617
LBXBPB	LBXSAPSI	continuous	0.00034480690019209173	1.0	0.014297992794632071	1591	0.019583270591632226	1.0283514735749873e-05	0.012823542875480091	0.0002564708575096018	2076	0.02926272222146683
LBXVIA	LBXMCVSI	continuous	0.0003439334407608483	1.0	0.014297992794632071	1598	0.05265946531878589	2.345929501391651e-05	0.029253740882353888	0.0004875623480392315	2070	0.04835000201697458
LBXVIA	LBXMCHSI	continuous	0.0003753117255958956	1.0	0.015060041800745301	1598	0.01922264008477288	8.502259122403369e-06	0.010602317125637	0.00022558121543908512	2070	0.02066544718008566
LBXVIA	LBDPCT	continuous	0.0003874547660339881	1.0	0.015357643324268764	1582	0.00313021892507109	7.665354244112416e-06	0.009558696742408182	0.00022558121543908512	833	0.009572154665854633
LBXLYC	LBDLDL	continuous	0.00040377146675272776	1.0	0.015648788144456173	378	0.008058986891573562	9.398655264560509e-14	1.1720123114906954e-10	1.1720123114906954e-10	1000	0.012477307123733346
LBXVXY	LBXSOSSI	continuous	0.00038411623104930896	1.0	0.015300314503767056	238	-0.37841837331175743	5.257162442486606e-05	0.06555681565780798	0.0009640708184971761	849	-3.163277812128153
LBXGTC	LBXGH	continuous	3.8897437014072896e-05	0.6290493513915869	0.0033916670578903775	1560	0.0002992036425248483	0.0013861212113859553	1.0	0.012953627823836286	2045	0.00015791657243673806
URXUSB	LBXSGB	continuous	0.0003564486074557839	1.0	0.01474293319635534	504	-0.04560433730415768	0.00020615551502377278	0.2570759272346447	0.0028884935644342097	704	0.006706774192774181
LBXVIA	LBXSCA	continuous	5.462469678314189e-08	0.0008833905963769707	1.6667747101452275e-05	1592	0.006662757708200871	0.002065738153708323	1.0	0.017643667655303282	2069	0.0035048195035707126
DR1TVB1	LBXHCY	continuous	0.0001499493979055116	1.0	0.00822027682348452	1546	-0.029136887552181575	0.0009404448111075338	1.0	0.009457537737508829	1814	-0.04325198370839333
LBXBCD	LBDMONO	continuous	0.00036989407272370846	1.0	0.014992298105483241	1620	0.0865527543765648	0.000216378231410152	0.2698236545684596	0.0029650951051479074	2094	0.02408369786295079
LBXCOT	LBXSBU	continuous	0.0002567206895755407	1.0	0.011844106686157228	1564	-0.000292897783354147	0.0006070963383674679	0.7570491339442326	0.006673118339405276	2075	-0.00018677953837684244
LBXRPL	LBDLDL	continuous	0.00031829715769411725	1.0	0.013690163920822512	631	0.03809875367580692	0.000419467942862714	0.5230765247498044	0.005218461102041191	985	0.035904935336808184
LBXGTC	LBXHCY	continuous	7.851008609538307e-05	1.0	0.00540283026525334	1559	0.00037757729674895595	0.0015929659974744644	1.0	0.014290853229141419	1865	0.00022410652030823303
SMQ020	LBDNENO	binary	0.00010004587858147925	1.0	0.006420404557220962	1395	0.10770702980796339	0.0014875612272840072	1.0	0.013740658151282645	1739	0.09839725196327413
SMQ040	LBDLYMNO	categorical	0.0006381098441233137	1.0	0.02057607960897865	619		3.0920124548950448e-06	0.003855739531254121	0.00012437869455658455	1202	
URXEQU	LBXSC3SI	continuous	0.0006447459894036392	1.0	0.020688159009197724	506	0.00033742370756055355	6.627921971421255e-07	0.0008265018698362305	4.132509349181152e-05	645	0.0007078728364191084
LBXBCD	LBXRDW	continuous	0.00040908465213691786	1.0	0.015648788144456173	1629	0.029538796886051273	0.00043551889439930806	0.5430920613159371	0.005218461102041191	2114	0.01798262597104545
LBXVIA	LBXSCLSI	continuous	0.0002477063155537238	1.0	0.01161132329024586	1592	-0.023618719296808914	0.0011042590588689221	1.0	0.010511534705416381	2069	-0.01640164404413718
total_days_drink_year	LBXSASSI	continuous	0.00030634466424047237	1.0	0.01339717445449133	747	0.0007612452623391938	0.0009314730059354149	1.0	0.009443470230906198	898	0.000794052590920434
URXP05	LBXGH	continuous	4.524381336307647e-06	0.07316829497076727	0.0006712687611996998	506	4.680945295201058e-06	0.002898019978020754	1.0	0.02272849630560931	293	-1.0849816667550257e-05
LBXVOX	LBXLYPCT	continuous	0.0005307478724052123	1.0	0.018379560155325683	239	-4.2996646567207275	0.0005220829659752037	0.651037458571079	0.0059185223506461725	846	35.517265196379775
LBXV4C	LBXSGTSI	continuous	0.0006064236037802012	1.0	0.019852393765857113	231	-0.15013880650491768	0.0004354620964523173	0.5430212342760397	0.005218461102041191	820	-0.04163977800562166
URXETL	URXUCR	continuous	0.0008661199315961453	1.0	0.025420855778172165	588	0.00010787993688396181	2.1756426096085684e-08	2.7130263341818847e-05	2.466387576528986e-06	704	0.0001886332610199625
URXP05	LBXMMA	continuous	3.0663549196538264e-10	4.958909176064168e-06	3.3059394507094453e-07	505	1.0863036465672488e-05	0.0033396908072000067	1.0	0.02551241444166944	279	-4.7294808206416666e-05
URXUMO	LBXSCLSI	continuous	0.00088134017772447	1.0	0.0256811411786669	501	0.006632883517407742	1.7563528283938087e-06	0.0021901719770070793	8.111748062989183e-05	706	0.004510963473187367
URXEQU	LBXRDW	continuous	1.262102664057113e-10	2.041072428313163e-06	1.8555203893756028e-07	519	-2.9655372610259907e-05	0.003533875693765085	1.0	0.025770426842836612	657	-1.1256251426086175e-05
VITAMIN_C_mg	LBDPCT	continuous	4.894844338731929e-13	7.915942264597275e-09	1.3193237107662126e-09	1575	1.933620678209651e-06	0.0036401511968539354	1.0	0.026333136382026594	821	0.0002923397190163695
LBXRPL	LBXCPSI	continuous	5.967040674717868e-06	0.09649898179153736	0.0008109158133742635	718	0.01801269434707038	0.00344592200023204	1.0	0.025730926552630862	475	0.03332756840744092
POTASSIUM_mg	LBXBAP	continuous	0.0008589265251539501	1.0	0.025347736797061465	1585	-0.0012955439936174862	7.310593668537857e-05	0.09116310304666707	0.0012488096307762613	642	-0.00014111441452618507
LBXFOL	LBXSCLSI	continuous	0.0007394411861792839	1.0	0.023174889269169337	1591	-0.05257518850095014	0.0002761723007155668	0.3443868589923118	0.003587363114503248	2065	-0.04915855543439015
LBXVIA	LBXCPSI	continuous	1.1299086780807356e-05	0.18272883141921656	0.0013408659559157993	777	0.0073032074823479315	0.0033989467204634805	1.0	0.025533051568782893	475	0.0065417767600424465
LBXVIA	LBXSIR	continuous	0.000978466362244593	1.0	0.027424190658959367	1591	0.003191621466488503	3.191673213670605e-05	0.039800164974472446	0.0006419381447495555	2068	0.005248405229023926
LBXVIA	LBXIRN	continuous	0.0010374552035643126	1.0	0.02848805401535123	1595	0.003206560031699617	3.862658145097352e-06	0.004816734706936397	0.00014582174346290246	833	0.009318144780726253
LBXBPB	LBXRDW	continuous	3.512456494092445e-05	0.5680344642246302	0.003155747023470168	1629	0.00904619719928567	0.003472850067788537	1.0	0.025770426842836612	2114	0.005121847742371044
LBXBPB	LBXGH	continuous	0.0002310227389720159	1.0	0.010990219042985307	1629	-0.00964058928906967	0.0021316040028010416	1.0	0.01796020399657364	2106	-0.007898828525733986
LBXRPL	LBXSTR	continuous	0.0010714166390295746	1.0	0.02895263005005717	1454	0.04673051506680796	1.536390007563342e-08	1.9158783394314874e-05	2.3948479242893593e-06	2039	0.09691084089853473
LBXBCD	LBDNENO	continuous	0.0008064184506957292	1.0	0.024389135519900917	1620	0.0718244507015198	0.0004453988744680745	0.5554123964616889	0.005239739589261216	2094	0.11433866577235088
LBXWME	LBXSAL	continuous	0.00016797850256879905	1.0	0.0089067158804676	277	0.01640092369319685	0.0026483829548024323	1.0	0.021585186566265575	758	0.17290838243044251
LBXCRY	LBXSAL	continuous	0.0012211341360979211	1.0	0.031346319442818384	880	0.007609988146046048	9.503869880544097e-06	0.011851325741038489	0.00024186379063343856	2042	0.005108465811873661
VITAMIN_C_mg	LBXIRN	continuous	4.723555342838264e-12	7.63893370043804e-08	9.548667125547549e-09	1588	1.9563011670786647e-06	0.005016850781270776	1.0	0.03175641078296781	821	0.00023154876858624043
LBXGTC	LBXCRP	continuous	0.0012813224266449907	1.0	0.03207669703359565	1560	0.0009754280556755891	1.3804326474705354e-06	0.0017213995113957575	6.885598045583031e-05	2053	0.0012049660147542278
LBXFOL	LBDPCT	continuous	0.0009459254128974552	1.0	0.02699331024481154	1589	0.005019195507749704	0.0004390959729673697	0.54755267829031	0.005218461102041191	833	0.017135999758744132
LBXRBF	LBXSCLSI	continuous	0.00020913447565832873	1.0	0.010350123691452065	1590	-0.004448413694624539	0.0027954963072286485	1.0	0.022346050609705927	2074	-0.002551941380087945
LBXB12	LBXMMA	continuous	0.000982214934729001	1.0	0.027481626166846716	1603	-0.00017460204930263055	0.0005120427440701099	0.638517301855427	0.0058579568977562115	920	-0.0002700237720196303
LBXVTO	LBXLYPCT	continuous	0.0007956066881172509	1.0	0.024230793522094504	239	-0.13566077203862925	0.0009289830295611568	1.0	0.009443470230906198	818	0.24500228823814701
LBXVXY	LBXSNASI	continuous	7.831426633973966e-05	1.0	0.00540283026525334	238	-0.23020147975304825	0.004367955917718589	1.0	0.02897255866699511	849	-0.006678718501517278
LBXVIA	LBXSGTSI	continuous	0.0012979807872426296	1.0	0.032194701367005835	1592	0.005949722706790523	0.00021482566084945603	0.2678875990792717	0.0029650951051479074	2068	0.00666861739542107
SMQ020	LBXMCHSI	binary	0.001330459042666456	1.0	0.032614225581094086	1404	0.5786028195794428	0.0002248054004782284	0.2803323343963508	0.0030470905912646827	1759	0.7327339371982601
SMD410	LBXSGTSI	binary	0.0014939774519351669	1.0	0.035478125334354654	1593	0.17764739032543841	1.7697553299503206e-05	0.022068848964480497	0.0004163933766883113	2077	0.215821768997239
RHQ540	LBDPCT	binary	0.0012454461864089812	1.0	0.03181888740380102	645	0.16799240736404095	0.000414175829228287	0.5164772590476739	0.005216942010582565	601	0.31544174301191963
LBXALC	LBDNENO	continuous	0.00161425187782691	1.0	0.03720954176520703	884	-0.009358688575055913	4.092831612832066e-06	0.005103761021201586	0.00014582174346290246	2050	-0.008731325788304278
SMQ020	LBXSTR	binary	0.0012927722091252854	1.0	0.032194701367005835	1368	0.1185570406844512	0.00048617027304216664	0.6062543304835818	0.005613466022996128	1725	0.12886160180667897
DR1TMAGN	LBXSATSI	continuous	0.0007896735552741553	1.0	0.024186743817980375	1517	0.0004543070620169565	0.0015028336477025605	1.0	0.013775740545678908	1966	0.0003092039089979409
URXP07	LBXSCA	continuous	0.0009156994729907039	1.0	0.026444092637867254	484	6.199044958541113e-05	0.0013919696298268342	1.0	0.012953627823836286	286	-0.0001288898263766387
URXP05	LBXSBU	continuous	1.6915127732252015e-05	0.27355144568597956	0.0018359157428589235	492	7.367462438662417e-06	0.00623061373452786	1.0	0.038086153563510985	288	-2.1176642485810974e-05
RHQ540	LBXFER	binary	0.0008282257575948167	1.0	0.024712300649120618	650	0.41119549665376337	0.001786289527796964	1.0	0.015576944343795904	481	0.8068984157489978
URXMNP	LBXSTP	continuous	0.0012586827786084276	1.0	0.031875009977026886	540	-0.0007300221998372269	0.0008443805391745228	1.0	0.008848256574375041	649	-0.001694490450551455
taking_birth_control	LBXTIB	binary	0.001565114511111168	1.0	0.03652385551758991	261	0.10964413365883639	0.0004370185392838234	0.5449621184869278	0.005218461102041191	360	0.09616926562667338
LBXVOX	LBXSNASI	continuous	0.0006388574513176152	1.0	0.02057607960897865	241	-1.5574739210810056	0.002818663886743312	1.0	0.02238773163547076	855	-0.04563634081159272
LBXV4C	LBXCRP	continuous	0.0021335743348379573	1.0	0.043842648212197514	231	-0.3866942068626346	8.262085054826765e-06	0.010302820063368976	0.00022558121543908512	820	-0.06613167659419361
LBXCOT	LBXSGTSI	continuous	0.0020941359619151153	1.0	0.04350629492257616	1564	0.0006702484635132276	3.827123580103782e-05	0.047724231043894165	0.0007456911100608463	2074	0.000546654625371692
SMQ020	LBXSGTSI	binary	0.0019317498312536694	1.0	0.04121406104358093	1368	0.14873683861002002	0.00022959906474180725	0.28631003373303365	0.0030786025132584264	1727	0.1602220872592656
supplement_count	LBXSATSI	continuous	0.0021133969368695178	1.0	0.043538669124909356	1593	0.03815139888488004	5.064740531684078e-05	0.06315731443010045	0.0009569290065166735	2070	0.0326936896829825
URXP11	LBXHCY	continuous	0.00014727326846128143	1.0	0.008124955667060724	499	0.001489155901318926	0.006186297715855185	1.0	0.03800154311168185	259	0.009943979210402189
DR1TP184	LBDPCT	continuous	0.0015281656001225282	1.0	0.03597306271496584	1518	1.0841414692200002	0.001099139144965785	1.0	0.010511534705416381	794	1.2692350112198096
LBXRBF	LBXSAL	continuous	0.00158398954153175	1.0	0.036699539922136766	1590	-0.0002980841182730473	0.0010199486008370551	1.0	0.009936530509717248	2074	-0.00038939019047761283
LBXCOT	LBXSC3SI	continuous	0.002163670085704144	1.0	0.044124681747802534	1564	-0.0011856783543336123	0.00019245633370453127	0.2399930481295505	0.002727193728744892	2070	-0.0016034838775254485
SMD410	LBXSC3SI	binary	0.0016185611310455227	1.0	0.03720954176520703	1593	-0.38446097295684023	0.0010096704618118343	1.0	0.009913850912435884	2073	-0.541286341561807
DR1TIRON	LBXHCY	continuous	0.0007983455852449159	1.0	0.02426850527176838	1546	-0.0039379165029063724	0.0029408009752212596	1.0	0.02291986760063069	1814	-0.004394726630020174
LBXBCD	LBXSGTSI	continuous	0.002352382388413022	1.0	0.047113080948660464	1591	0.13815097138638555	3.999093761910114e-06	0.004986869921101912	0.00014582174346290246	2075	0.19321105661497884
URXDMA	LBXEOPCT	continuous	0.0013426730652143538	1.0	0.0327506920220913	532	5.348620762969811e-05	0.0017480172465607934	1.0	0.01545941493944191	655	5.0075918115190784e-05
LBXRST	LBXCPSI	continuous	0.0005336512683154325	1.0	0.018401297038799946	675	0.05932579809917641	0.004554216883254937	1.0	0.029864806635655515	475	0.11820215239045859
LBXCOT	LBXSAPSI	continuous	0.0023072478350120306	1.0	0.04650781370472013	1564	0.00018627068204402148	0.00013234356033877003	0.16503241974244623	0.0020125904846639785	2075	0.00017972140743950857
LBXVTO	LBDHDL	continuous	0.002447718579595062	1.0	0.04866200182632017	241	0.004738591893302075	8.753549475879712e-06	0.010915676196422001	0.0002274099207587917	829	0.005799651805468935
DR1TCAFF	LBXSBU	continuous	0.0014856135141272965	1.0	0.035331384927156824	1517	-0.0001802302890176069	0.001772289937208654	1.0	0.015563701068304165	1971	-0.00043173892571289656
LBXRBF	LBXSTR	continuous	0.0025470764944416358	1.0	0.050172132847880795	1589	0.0005392219557738639	3.925269353850835e-05	0.04894810884251991	0.0007530478283464602	2071	0.0007673341902573699
URXGNS	LBXSUA	continuous	0.0025574649339256588	1.0	0.050315477994459554	543	9.680320487064023e-05	7.718229660573488e-05	0.0962463238673514	0.0012828977812428073	650	-6.320106330385702e-05
total_days_drink_year	LBXSUA	continuous	0.002049548642224801	1.0	0.04299001380293059	747	0.0015918661486382067	0.0008868716684770318	1.0	0.009139908847858336	900	0.0018665428571229838
URXEQU	LBXPLTSI	continuous	0.0011188459445310459	1.0	0.029565321266268096	519	2.4441237684595278e-05	0.0029958295349053316	1.0	0.023203723167869242	657	6.528318330211832e-05
URXDAZ	URXUCR	continuous	0.002619880698641178	1.0	0.05116994040872601	588	9.588883023683802e-05	0.00012215961437844994	0.15233303912992707	0.0019041629891240884	704	4.7644578712199994e-05
URXP04	URXUMASI	continuous	0.0010883500702286583	1.0	0.029044220025970065	547	3.5913497735289304e-05	0.0037728506484376255	1.0	0.02673150431023704	314	0.00017915492772507585
URXP04	URXUMA	continuous	0.0010883500702286583	1.0	0.029044220025970065	547	3.5913497735289304e-05	0.0037728506484376255	1.0	0.02673150431023704	314	0.00017915492772507585
LBXVIE	URXUCR	continuous	8.385527791141512e-05	1.0	0.005648439903588858	1569	-0.00017930779138927025	0.008594993337534483	1.0	0.050319045501903754	2041	-7.636790987846337e-05
LBXGTC	LBXSUA	continuous	0.0012682832071593535	1.0	0.031948093498724406	1554	0.0010388292189153602	0.0032234579014108113	1.0	0.024812666685551123	2051	0.0009203784082615872
URXP10	LBDLYMNO	continuous	3.1271699988542265e-06	0.05057259322147055	0.000510834274964349	512	2.3729925589006142e-05	0.010055148679329133	1.0	0.05673651766119198	292	0.00016794395990177372
URXEQU	LBXSPH	continuous	0.0009583803426959567	1.0	0.02704873804900351	506	0.0001600741663812839	0.00480226579208495	1.0	0.030709874065281702	647	4.9834896723006435e-05
LBXF06	LBXHGB	continuous	0.0008057381565466411	1.0	0.024389135519900917	383	0.04918650459173061	0.00533407008770091	1.0	0.0334250522581057	259	0.06951880209891745
LBX149	LBXSBU	continuous	0.0004184702843116637	1.0	0.015840794145013912	285	-40.95313357610511	0.007333955699433243	1.0	0.04375809931671413	262	4.013787274622468
LBXVTO	LBXBAPCT	continuous	0.0005899847858916034	1.0	0.019543407926897436	239	-0.003451651719834404	0.006622547097839166	1.0	0.040088913742744856	818	0.005504872065009719
DR1TM221	LBXSIR	continuous	0.0031902163100246423	1.0	0.05733102950177631	1516	0.1378714809637211	0.00015903011565235678	0.1983105542184889	0.0023608399311724868	1971	0.08810704815006953
total_days_drink_year	LBXMCHSI	continuous	0.0032721354017702636	1.0	0.058022997497180595	760	0.0035765108892783226	0.00012463159479348873	0.15541559870748045	0.0019187110951540797	913	0.0037867013611165754
URXUPT	LBXMCVSI	continuous	0.0017887720772084782	1.0	0.03924808502444653	520	96.06413917467933	0.0025332468906024887	1.0	0.020782624161719103	728	29.608622916133015
LBXB12	LBXSATSI	continuous	0.001929948303622299	1.0	0.04121406104358093	1591	0.0003317167777475157	0.0022901078047954755	1.0	0.019038429550533052	2056	0.0002393746762672535
LBXVIA	LBXHGB	continuous	0.001791063983925398	1.0	0.03924808502444653	1598	0.007661361717674615	0.00271497645007507	1.0	0.02184242344028137	2070	0.011984762071823692
DR1TM221	LBDPCT	continuous	0.0030462903990466097	1.0	0.05611003227036648	1518	0.1534117326287492	0.0004394053053041901	0.5479384157143251	0.005218461102041191	794	0.1182195112180444
DSDCOUNT	LBXSCLSI	continuous	0.0011085308098637016	1.0	0.029340687818520107	1593	-0.22419269915094225	0.005083669415182275	1.0	0.03201684727642574	2077	-0.042626244833191246
LBXVOX	LBXNEPCT	continuous	0.0034896794451732193	1.0	0.06026791424560238	239	5.355734144133878	0.00023425490872896714	0.292115871185022	0.00310761565090449	846	-39.555435766250504
SMQ040	LBDNENO	categorical	0.0029187269323425157	1.0	0.05446260178711908	619		0.0009698705033314094	1.0	0.00967542814123414	1202	
SMD410	LBDMONO	binary	0.0016244086375362455	1.0	0.03720954176520703	1624	0.0845151486407101	0.003924318859000335	1.0	0.027036605619742637	2098	0.024821824885774314
DR1TPROT	LBXHCY	continuous	0.000671134139121142	1.0	0.021365317515486433	1546	-0.0006828828451336661	0.0072897515596077765	1.0	0.043703462475148544	1814	-0.0006145562670545206
LBXB12	LBXSASSI	continuous	0.00034315949077742727	1.0	0.014297992794632071	1591	0.00023322033298120125	0.008833775177711296	1.0	0.051475316105635445	2056	0.00018204695058935972
URXP10	LBDMONO	continuous	1.372056836679229e-05	0.2218890316277649	0.0015625988142800346	512	3.728964852376183e-05	0.012405829528457295	1.0	0.06445862259160937	292	6.182905077821037e-05
LBXFOL	LBXSBU	continuous	0.003093970917219301	1.0	0.056651440150581024	1591	0.005926588258068874	0.0009917169693706214	1.0	0.00981484968892988	2065	0.006580540359376957
LBXME	LBXBAP	continuous	0.0002816213579983193	1.0	0.01268629694024741	1047	0.006382315790345936	0.009400671015610165	1.0	0.054021367541317394	642	0.008506189305162472
LBXTNA	LBXSTR	continuous	0.00016391107866296512	1.0	0.008777383987210171	481	0.6186898071855688	0.010643347062932162	1.0	0.058468078358926895	282	0.9291971937719011
LBXVTO	LBXPLTSI	continuous	0.004134643208645359	1.0	0.06733339130437414	240	0.003983991004342168	2.2548824476672628e-05	0.02811838412241077	0.00048479575858728554	829	-0.01150825637332486
SMD410	LBXSTB	binary	0.0025270780644317645	1.0	0.04989976368497008	1592	-0.12471403614614937	0.0021207046799134473	1.0	0.01796020399657364	2077	-0.07706173506551463
URXMEP	URXUCR	continuous	0.00356629917163848	1.0	0.06116510085382904	584	7.17227918954958e-05	0.0006314186855044506	0.7873791008240499	0.006787750869172844	709	8.464386188497314e-05
DR1TPROT	LBXSATSI	continuous	0.0020235859460046414	1.0	0.04277834237749943	1517	0.0013105699190255288	0.003375740483460672	1.0	0.02551241444166944	1966	0.0008322742767258876
cigarette_smoking	LBDNENO	binary	0.002044646338151532	1.0	0.04299001380293059	619	0.13749932713622826	0.0035264053796012266	1.0	0.025770426842836612	1202	0.09405725342580629
LBXVOX	LBXSOSSI	continuous	0.004142041532662414	1.0	0.06733339130437414	241	-2.646228407993167	0.00016374052024780713	0.2041844287490155	0.0024021697499884177	855	-18.36215776559375
SMQ020	LBXSTP	binary	0.0018170851245151382	1.0	0.03965708587538302	1367	-0.08916941264238498	0.004789183775854301	1.0	0.030709874065281702	1724	-0.009516973203229175
LBXRBF	LBXLYPCT	continuous	0.002203201288581126	1.0	0.04476152165695223	1619	-0.008190739052364442	0.0034949465121700495	1.0	0.025770426842836612	2092	-0.01076482393881195
URXEQU	LBXGH	continuous	7.233727765749618e-06	0.11698384542770282	0.0009068515149434326	518	-3.035944744691496e-05	0.013687772038273227	1.0	0.06966796625194577	657	8.730636265574346e-06
total_days_drink_year	LBXSATSI	continuous	0.00035996049843189297	1.0	0.014812420306973469	747	0.0009639623344511045	0.00975523575301279	1.0	0.055801738458747474	898	0.00044443475237477425
DR1TFDFE	LBXHCY	continuous	0.00023502390232959773	1.0	0.011146060259455292	860	-0.00012096410692855465	0.010900909350860593	1.0	0.059517623911824254	1814	-0.0001228756858208339
LBXCBC	LBXSAL	continuous	0.00011821137589994886	1.0	0.007080423596496196	882	0.04604182939641296	0.012376813591499562	1.0	0.06445862259160937	1945	0.022465955084893973
LBXVIA	LBXMMA	continuous	3.900878510806395e-05	0.6308500727676103	0.0033916670578903775	1596	0.00442741393212427	0.013368025405418718	1.0	0.06846103258458287	913	0.004567497193089247
LBXVIA	LBDNENO	continuous	0.0003165002408382095	1.0	0.013649178386228065	1592	0.0026299515220026297	0.01056126349264303	1.0	0.05827387422710557	2050	0.0020705062587275114
SMQ020	LBXSLDSI	binary	0.001974974364402087	1.0	0.04202537555409283	1368	-0.05493446905386966	0.004706980495059112	1.0	0.03041245946807623	1722	-0.030189622592013354
DR1TSUGR	LBXSBU	continuous	0.0046979125105503184	1.0	0.07256412714481351	840	-0.0005433221731916527	1.6250276281997316e-06	0.0020264094523650654	7.793882509096406e-05	1971	-0.000765573029922954
LBXF06	LBXHCT	continuous	0.0002770375887195522	1.0	0.012549725167430248	383	0.16506290772007876	0.011400921236202687	1.0	0.061016947560277895	259	0.20026546242443583
LBXOXY	LBXSTR	continuous	0.0020748908187721562	1.0	0.043241152475751686	426	1.2241316911018467	0.004686378462222838	1.0	0.03041245946807623	284	2.2734024952129657
DR1TNIAC	LBXHCY	continuous	0.00013398743959505715	1.0	0.007618578217008975	1546	-0.0027665256552486354	0.012937740396346544	1.0	0.06694341192632423	1814	-0.0020070802267917573
LBXCOT	LBXSTR	continuous	0.0043459991693440255	1.0	0.06965658926326222	1563	0.0002881180412583253	0.0004835415457045171	0.6029763074935328	0.005613466022996128	2072	0.00029175640739588006
LBXBPB	LBXSC3SI	continuous	0.00041923447279655916	1.0	0.015840794145013912	1591	-0.13891847405039437	0.01092986036552346	1.0	0.059517623911824254	2071	-0.07707689442159771
LBXCOT	LBDMONO	continuous	0.002746868505636666	1.0	0.052921345637245445	1561	0.00025887417289597746	0.002888413226257846	1.0	0.02272849630560931	2066	7.761955498275159e-05
URXUCD	URXUMA	continuous	0.004839487987283813	1.0	0.07397372375269737	543	0.2870069278909172	0.00012200843475759648	0.1521445181427228	0.0019041629891240884	757	0.610316291912499
LBXVIA	LBXSPH	continuous	0.005409570810686051	1.0	0.077885610170173	1592	0.005733358459170872	1.8066493526920485e-05	0.022528917428069846	0.00041720217459388604	2069	0.005487851830047691
LBXD01	LBXSTR	continuous	0.002766360425718638	1.0	0.05313251877045347	388	0.0025619509165935293	0.00336734820379525	1.0	0.02551241444166944	259	0.004366478288645486
LBXLUZ	LBXSAL	continuous	0.00044039354398705936	1.0	0.01641024053769291	882	0.006293403725450915	0.011736677704154206	1.0	0.062279306796086356	2069	0.0031207167031618663
COPPER_mg	LBXHCY	continuous	0.004086540271350929	1.0	0.0670258917528268	1615	-0.04039842260537934	0.0013102766865859773	1.0	0.012378144152823588	1906	-0.036360392448036224
LBXVOX	LBXMMA	continuous	0.0023150377215124724	1.0	0.04650781370472013	241	-0.2537098813666798	0.005364524607078084	1.0	0.033447810925131854	265	-2.533144749879693
LBXEND	LBXSBU	continuous	0.0004240519314353324	1.0	0.0159854728092592	263	-42.05102410737353	0.012240072900093442	1.0	0.06413181053116186	257	28.754168535781957
URXUSB	LBXSTP	continuous	0.002879609040740765	1.0	0.05408715145976731	504	-0.15658119125725356	0.003882829887467018	1.0	0.026956174006170317	704	0.002350034644698122
SMQ020	LBXMCVSI	binary	0.005605875178099467	1.0	0.07987507786803928	1404	1.2952099673330988	6.981395751542742e-05	0.087058005021738	0.0012261690848132112	1759	1.920731786084425
URXOP2	LBXSLDSI	continuous	0.001126825103733062	1.0	0.029719931552254376	417	0.00011772864062057985	0.008927030460775679	1.0	0.051776776672498935	284	0.004972169505533971
URXUPT	LBXMCHSI	continuous	0.004825973226772737	1.0	0.07397372375269737	520	38.98863797969841	0.0007067011771872139	0.8812563679524558	0.007532105708995348	728	15.057515759201067
LBXBPB	LBXSGTSI	continuous	7.841122982835324e-05	1.0	0.00540283026525334	1591	0.051664178361431855	0.01574905845314572	1.0	0.0761204491902043	2075	0.040247028866390235
URXUPT	LBXSPH	continuous	0.005880580977092359	1.0	0.08212500480270954	510	7.051417672613652	2.03116560242025e-06	0.0025328635062180516	9.00489445669125e-05	706	7.23395990511501
total_days_drink_year	LBXMCVSI	continuous	0.005797830940441326	1.0	0.08162578481217643	760	0.008344873048971597	7.818783590573645e-05	0.09750023137445335	0.0012828977812428073	913	0.00998566867654857
LBXFOL	LBXSATSI	continuous	0.0030279698340599914	1.0	0.05589991798677875	1591	0.006303145305316563	0.004133185876927938	1.0	0.028011319502875758	2059	0.006988245158580899
taking_birth_control	LBXCRP	binary	0.0032218655070524035	1.0	0.05750994368659103	263	0.6959487264324771	0.0038774997874663425	1.0	0.026956174006170317	363	0.757888896469386
LBXVIE	LBXHGB	continuous	0.0001888518298323942	1.0	0.009664910734333794	1594	0.0002830570999308655	0.015383645637632374	1.0	0.07537360000359851	2070	0.00018093079626010922
LBXBEC	LBDLDL	continuous	0.005257243435220299	1.0	0.07646230866242121	378	0.0051214486546517606	0.001053948661890593	1.0	0.010188170398275732	1000	0.003052197289549658
MAGNESIUM_mg	LBXSATSI	continuous	0.002163463385952073	1.0	0.044124681747802534	1583	0.00028728829548071955	0.0070645815190917335	1.0	0.04255813118022894	2065	0.00016353524120288926
URXUPB	LBXSGB	continuous	0.0010782343186619562	1.0	0.028967581351365058	509	-0.011027358810718564	0.01044743831359775	1.0	0.057902024786917305	704	0.003992685166373638
LBXBCD	LBXRBCSI	continuous	0.003197883848451247	1.0	0.05733102950177631	1629	0.015116098645743335	0.0045743208239055365	1.0	0.029864806635655515	2114	0.05859958756626715
LBXVTO	LBXSCLSI	continuous	0.0004026413487750663	1.0	0.015648788144456173	241	-0.059499305974702724	0.014244915831896066	1.0	0.0719166398476696	828	-0.03462854243637148
LBXVXY	LBXMMA	continuous	0.0006102858298933691	1.0	0.019938469577849626	238	-0.04306666332126329	0.013395743344537468	1.0	0.06846103258458287	262	-0.4932538693849301
URXMNP	LBXSGB	continuous	2.775308233801439e-06	0.04488228475703687	0.0004627039665673904	540	-0.00035691896502741693	0.018764014843930588	1.0	0.08810030445058284	649	-0.0019783907007651204
URXUBA	LBXSGB	continuous	0.003538284821312535	1.0	0.06087355545773012	500	-0.0005705183341337535	0.004364164965233835	1.0	0.02897255866699511	704	0.0032608453192872183
LBXVTC	LBXSPH	continuous	0.0010723859386584371	1.0	0.02895263005005717	236	-12.832018199066946	0.011456538271029819	1.0	0.06105257788023156	831	-0.6550754256351574
URXMNP	LBXSAL	continuous	0.00040109306579818563	1.0	0.015648788144456173	540	0.0004427469372868982	0.015102887513959901	1.0	0.07473532035677777	651	-0.005187837327834552
URXDMA	LBXRBCSI	continuous	4.283975679565417e-05	0.6928045468993191	0.003665632523276821	533	1.3780785108604705e-05	0.018797682691932924	1.0	0.08810030445058284	659	-2.8928096251265525e-05
VITAMIN_C_mg	URXUMA	continuous	1.099315140421592e-08	0.00017778124450897986	5.228860132617054e-06	1684	-3.508018863504819e-06	0.020109596544316332	1.0	0.09253382616517515	2185	-0.00035020143249874414
LBXRBF	LBXSBU	continuous	0.0036123706476655485	1.0	0.061819320755605554	1590	0.0005636362920267056	0.00490575355140128	1.0	0.03121160550304794	2074	0.00038709862121879006
LBX110	LBDHDL	continuous	0.004612654572265107	1.0	0.071938479730452	285	19.886355191837506	0.002671536035020916	1.0	0.021632502829033	262	1.6772277541288785
SMQ020	LBXSGB	binary	0.0016225145179748666	1.0	0.03720954176520703	1367	-0.02717098732404998	0.010191838127466959	1.0	0.05699202755583541	1724	-0.020120067183880347
LBXF07	LBXHCT	continuous	0.005114750976939973	1.0	0.07588601174226903	388	0.10272749129587719	0.002217844556485971	1.0	0.0185614239056242	259	0.17008897055574063
LBXLUZ	LBDHDL	continuous	0.007453289388747512	1.0	0.09414231162040251	880	0.005711144842557605	2.2937409588331873e-05	0.028602949756649846	0.00048479575858728554	2071	0.005760205997964271
LBXB12	LBXSGTSI	continuous	0.00022748635899069372	1.0	0.010884347330170116	1591	0.000314556780770344	0.017813852195847035	1.0	0.08444305844233323	2061	0.0001521365590303476
URXEQU	LBXSOSSI	continuous	0.0056968453623908195	1.0	0.08081293707057595	506	0.000859741174490771	0.0016525132454384337	1.0	0.014719171550440906	647	-0.0008551455991797841
URXUHG	LBXSCR	continuous	0.007529650769580116	1.0	0.09432185301754427	534	-0.006997589524436246	7.519194973021616e-05	0.09376436131357956	0.001267085963697021	695	-0.004992715741536322
LBXBEC	LBXSGTSI	continuous	0.004314924982536369	1.0	0.069295895548737	882	-0.00694712183335674	0.0036532739327109873	1.0	0.026333136382026594	2068	-0.0034157155105295905
LBXRBF	LBXSATSI	continuous	0.007577925751768378	1.0	0.0946333708552882	1590	0.00034267716885169375	8.305517031844622e-05	0.10356979738710244	0.001345062303728603	2068	0.0005010580884510394
URXUMO	LBXSCR	continuous	0.007379303641184723	1.0	0.09393469051393273	501	-0.0003973500029179809	0.00018497605594123529	0.2306651417587204	0.002651323468491039	706	-0.0001164917263370322
RIBOFLAVIN_mg	LBDHDL	continuous	0.0018590004272792519	1.0	0.040354033436188	1573	0.0010112891626503605	0.00993970526727589	1.0	0.05634005667405925	2061	0.0008688833891135456
URXUPT	URXUMA	continuous	0.005141876719992761	1.0	0.07597655369850129	552	-20.516894037131912	0.002523998278112855	1.0	0.020782624161719103	761	-9.737021485781217
LBXV4C	LBXSATSI	continuous	0.007882740008557081	1.0	0.09695667896237894	231	-0.23074998590599155	1.256541894316198e-06	0.0015669077422122988	6.537382770498422e-05	818	0.044347383961745236
LBXGTC	LBXMOPCT	continuous	0.0042331204881939635	1.0	0.06832138177152972	1553	-0.00026198797299289793	0.0042921712489267455	1.0	0.02893155431033325	2033	-0.0002376014633110898
URXEQU	LBDPCT	continuous	9.436223675000563e-05	1.0	0.006166268007080336	502	-4.798518339057918e-05	0.020191952739024927	1.0	0.0925711950939856	260	6.95389964060459e-05
LBXD03	LBXSOSSI	continuous	0.0009344696032171204	1.0	0.026786194400704327	389	0.0048578799103065505	0.014394005299042298	1.0	0.07237630890284574	259	0.00650768829531897
DR1TP184	LBXIRN	continuous	0.006426573727765402	1.0	0.08746978619971346	1528	0.8535888854219239	0.0015620304387274245	1.0	0.014114869254297814	794	1.225409960242498
LBXVXY	LBXPLTSI	continuous	0.0032863216741553275	1.0	0.05821072739807224	237	0.017228140747002095	0.007456798328863222	1.0	0.04427917864805923	850	0.13806660080229283
URXP04	LBXSC3SI	continuous	0.000964116442930694	1.0	0.027124111204855503	502	-7.315891935530015e-05	0.015441344020333217	1.0	0.07537360000359851	287	-0.0003134808865463769
LBXVTO	LBXSC3SI	continuous	0.0074884322725931405	1.0	0.094162117059856	241	-0.017820397124536556	0.0008174972497620146	1.0	0.008639144664857901	826	0.0664379126732405
LBXVIE	LBXSNASI	continuous	0.0011751488777612066	1.0	0.030504827690456232	1588	-0.0006589616417867804	0.014807136457030691	1.0	0.0735637416809453	2069	-2.0842940257546296e-06
RHQ510	LBXSCLSI	binary	0.008227100772605463	1.0	0.09973663695245544	750	0.8692813657196761	0.000384861453757242	0.4799222328352808	0.0048971656411763344	966	0.7690819911996122
DR1TALCO	LBDHDL	continuous	0.005190212979899844	1.0	0.07623626186279771	1513	0.000926416264965014	0.004357415193020142	1.0	0.02897255866699511	1978	0.0011907955721015158
URXUTU	URXUMASI	continuous	0.006738155022970793	1.0	0.08924606308884822	547	0.6782461093692944	0.0019208735339196978	1.0	0.01663423122776294	374	0.8861772563191074
LBXCRY	LBXRDW	continuous	0.005571918251900593	1.0	0.07946125394156649	885	-0.0014860490034119642	0.0037543239372705194	1.0	0.02673150431023704	2043	-0.0010124486514073348
LBXGTC	LBXSOSSI	continuous	0.0066777395033213675	1.0	0.0889618390413577	1554	0.004157967777969706	0.002057109307482536	1.0	0.017643667655303282	2051	0.0035405218923328973
LBXB12	LBXSLDSI	continuous	0.00022661771475219575	1.0	0.010884347330170116	1591	9.865932546576262e-05	0.021280323796512048	1.0	0.09649659554272917	2056	7.751336635195855e-05
LBXBCD	LBDBANO	continuous	0.0005839225420043577	1.0	0.019430443105544183	1620	0.009171193775855483	0.018863497424463208	1.0	0.08810030445058284	2094	0.007212386926886272
LBXVXY	LBXLYPCT	continuous	0.0005740604311541978	1.0	0.019181209282284478	236	-0.6020611293355718	0.019048136408785766	1.0	0.08863069440953676	839	5.896464085834578
LBXFOL	LBXSTB	continuous	0.00744386822609687	1.0	0.09414231162040251	1590	0.004030519104863765	0.0015134534520914278	1.0	0.013775740545678908	2064	0.004869420781035854
total_days_drink_year	LBDMONO	continuous	0.005689133943535495	1.0	0.08077671126853031	754	0.0003786670855739142	0.003994759350187998	1.0	0.02722111972505155	906	0.0001494225416546099
LBXGTC	LBXSAPSI	continuous	0.0014801643196164492	1.0	0.035273930722660635	1554	0.00027920034745092465	0.014772986227532469	1.0	0.0735637416809453	2051	0.00016939320232405638
LBXRBF	LBXNEPCT	continuous	0.0060745466731396665	1.0	0.08439653676805386	1619	0.007330974401459452	0.0038910275229435904	1.0	0.026956174006170317	2092	0.010210577639687565
VITAMIN_C_mg	LBXGLU	continuous	0.006148475330110419	1.0	0.0850808487934912	794	-3.3991365624256277e-07	0.004479214819837683	1.0	0.02955333799120418	1021	-8.517716177393858e-05
DR1TTHEO	LBXIRN	continuous	0.005248244760718422	1.0	0.07646230866242121	1528	-0.00043276246074417995	0.006391036547310229	1.0	0.03887620768046759	794	0.0009882761041121423
URXEQU	LBXMCHSI	continuous	0.0019461570668267275	1.0	0.041466735289488584	519	0.00021633936970846452	0.015675208237916162	1.0	0.07605830611938308	657	-0.0002733733811622587
cigarette_smoking	LBXSAPSI	binary	0.003050234376642553	1.0	0.05611876034023136	609	0.07489875756880113	0.011900844468025477	1.0	0.06288285191367698	1191	0.06537763831142052
DR1TFA	LBXHCY	continuous	0.0019184978099273328	1.0	0.041138825588253776	860	-0.00024609785013181745	0.01655176449195332	1.0	0.07923497877787773	1814	-0.0002480967517599314
LBXCBC	LBDMONO	continuous	0.004583910113180383	1.0	0.07185490567652435	884	-0.030063356418612373	0.008375765205228	1.0	0.049266883070374135	1927	-0.006127981885979786
LBXRPL	LBXSCA	continuous	0.007528678147866804	1.0	0.09432185301754427	1455	0.01735706371016728	0.0039600596884845195	1.0	0.027132936437034044	2042	0.014075513111695337
DR1TALCO	LBXTIB	continuous	0.007775387646959822	1.0	0.09608039534387572	1518	0.00032933756457301585	0.0038079197630023404	1.0	0.026827547708835695	794	0.0009147406505311586
URXOP1	URXUCR	continuous	0.004605448808509954	1.0	0.071938479730452	451	0.011428723704568173	0.009196924017835572	1.0	0.05309520486222666	304	0.0068124518947681525
LBXB12	LBXSCR	continuous	0.006841538282003633	1.0	0.09015555458341021	1591	0.00013861101833667071	0.0057763938838797085	1.0	0.03583663270247759	2062	8.559077694659607e-05
DR1TPOTA	LBXSATSI	continuous	0.004019946667033225	1.0	0.06626970183410939	1517	4.0566728310734656e-05	0.01117945391841452	1.0	0.06008956481147805	1966	2.538715098395823e-05
LBXCOT	LBDBANO	continuous	0.00488393014263274	1.0	0.07432286656322284	1561	3.787182883554699e-05	0.009867704652229636	1.0	0.0561873411019651	2066	3.1508246829921394e-05
URXUCD	URXUMASI	continuous	0.004839487987283813	1.0	0.07397372375269737	543	0.2870069278909172	0.010127307058247471	1.0	0.05688626982718287	370	0.6043152392067991
DRD350H	LBXHCY	binary	0.007864602533897138	1.0	0.09691068526317285	447	0.09770064665004183	0.0059361463700647035	1.0	0.03664541843302319	656	-0.0867183019127506
URXUPT	LBXMMA	continuous	0.006673993832245591	1.0	0.0889618390413577	516	-3.6774081767572984	0.007611582144709551	1.0	0.04498408973674317	347	-5.380263052626514
total_days_drink_year	LBXTIB	continuous	0.003395572512508425	1.0	0.05930151044523353	745	0.00020498707562260476	0.015218690574596733	1.0	0.07501070018388192	335	0.0003031153402088739
URXP22	LBXSTR	continuous	0.004448811086835419	1.0	0.07081316229951022	293	0.0023777772802438058	0.012129248631645976	1.0	0.06381929554287988	264	-0.0019776208920417003
DR1TP184	LBXSIR	continuous	0.002155728566932621	1.0	0.04407388417754026	1516	0.8912827634893224	0.019905678352533165	1.0	0.09193474409484761	1971	0.735966175875069
LBXCBC	LBXSGTSI	continuous	0.005263907807465595	1.0	0.07646265713971183	882	-0.08356480619238744	0.011016764192304742	1.0	0.05973002151219136	1944	-0.03901125178446655
cigarette_smoking	LBXHGB	binary	0.002000452702425911	1.0	0.04242248384740785	622	0.4007244552029521	0.02058799711285224	1.0	0.09404114432134339	1213	0.20762952054042802
VITAMIN_A_IU	LBXSATSI	continuous	0.0031413978018043996	1.0	0.05698695057159095	1580	8.942882589712516e-06	0.016920432701085748	1.0	0.08053350984066385	2056	8.73094265306644e-06
DR1TCARB	LBXHCY	continuous	0.00573853452531934	1.0	0.08112201078974159	1546	-0.00014689275713590654	0.010393757268976206	1.0	0.05786167551077379	1814	-0.0002077534826593861
URXMIB	URXUMASI	continuous	0.004221745379803702	1.0	0.06820586042176371	328	0.025490054614719634	0.013983945990741447	1.0	0.07088610020509993	323	0.030797265373472105
LBXLUZ	LBXSGB	continuous	0.004122858627242878	1.0	0.06733339130437414	881	-0.0012960349732088908	0.016584065325602318	1.0	0.07923497877787773	2065	-0.001067309297412189
LBXLUZ	URXUMA	continuous	0.0047815181779529	1.0	0.073568424304497	878	-0.021146912221386878	0.01547365004083498	1.0	0.07537360000359851	2041	-0.010964913182818954
LBXVIE	LBXCRP	continuous	0.005280174492928915	1.0	0.07658384026874118	1595	0.00016625094250355605	0.014659837353212387	1.0	0.0734169364636781	2071	0.0001511955413602081
LBXBEC	LBDMONO	continuous	0.004838193154398037	1.0	0.07397372375269737	884	-0.0018473560800571186	0.016277524795406968	1.0	0.07837093984506752	2050	-0.0004071664416476635
LBXVIA	LBXHCT	continuous	0.007178248769370468	1.0	0.09286931127860738	1598	0.020334615513047032	0.011152770057499033	1.0	0.06008956481147805	2070	0.02996319602287921
SMD410	LBXFER	binary	0.003648153460934708	1.0	0.0621780271135815	1607	0.15333843312216838	0.020809209365575322	1.0	0.09470468641924243	714	0.22128873704381383
URXP05	LBXHCY	continuous	0.006808191950094779	1.0	0.0899126224836648	505	2.8301906379015813e-06	0.013100595043391863	1.0	0.06750595875665145	291	3.2974019754476544e-05
URXP21	LBXSTP	continuous	0.007081743166652222	1.0	0.09221091021827675	293	-0.002000790065918496	0.01787727941361345	1.0	0.08444305844233323	259	0.0006496142913380344
DR1TM161	LBXSATSI	continuous	0.006784462717887048	1.0	0.0897858683090584	1517	0.044200000761292386	0.019241172022546677	1.0	0.08919606510080187	1966	0.03209516431569685
URXP14	LBXLYPCT	continuous	0.00770837314742144	1.0	0.09552475903455902	494	-0.08830900220072742	0.021998560161296407	1.0	0.09939204536643703	267	-0.30993228115756727
