Variable	Outcome	Variable_type	pvalue_disc	pvalue_bonferroni_disc	pvalue_fdr_disc	N_disc	Beta_disc	pvalue_repl	pvalue_bonferroni_repl	pvalue_fdr_repl	N_repl	Beta_repl
LBXVIE	LBXSTR	continuous	4.7248789940096953e-17	8.327126739042687e-13	8.327126739042686e-13	4039	0.398746262880554	5.833159400588058e-16	1.0867175963295551e-12	1.7805490395434127e-13	4556	0.0004477313060940869
LBXGTC	LBXSTR	continuous	1.7403542718247738e-14	3.067200368663981e-10	8.066248111580605e-11	3900	0.3499372144845335	5.281921282447562e-15	9.840219349199808e-12	1.0933577054666454e-12	4548	0.0016690876127532766
LBXVIA	LBXSTR	continuous	7.499147526134934e-14	1.3216497600060207e-09	2.6432995200120415e-10	4068	0.3146698964837499	3.1109297831512657e-16	5.795662186010808e-13	1.448915546502702e-13	4556	0.011276901752014096
LBXVIA	LBXSUA	continuous	1.6975601810092991e-12	2.991780063010789e-08	2.719800057282535e-09	4068	0.2043154610910946	1.1598453947848275e-12	2.1607919704841337e-09	1.440527980322756e-10	4557	0.01736300065996986
taking_birth_control	LBXCRP	binary	3.295428100442784e-13	5.8078624842203625e-09	9.679770807033939e-10	661	0.8268303620461627	1.6052667565656129e-10	2.990611967481737e-07	6.9549115522831095e-09	754	1.1310437781548737
LBXVIA	LBXSIR	continuous	1.5529417315057921e-12	2.736904507605808e-08	2.719800057282535e-09	4068	0.16360472216779395	7.37809813380452e-10	1.374539682327782e-06	2.5934710987316642e-08	4555	0.004662510214340736
LBXVIA	LBXSBU	continuous	3.3763181516359463e-10	5.950423110443192e-06	1.7501244442479976e-07	4068	0.23301840216664454	4.037917269270434e-12	7.52263987265082e-09	3.4193817602958266e-10	4558	0.005448680623915836
DR1TFIBE	LBXHCY	continuous	2.3000964593777384e-10	4.053690000007326e-06	1.3076419354862343e-07	3988	-0.0952643649076409	2.581281122518382e-09	4.808926731251745e-06	8.09710838252884e-08	4367	-0.0068734852447601925
LBXCOT	LBDLYMNO	continuous	5.048389145334013e-10	8.897281029736664e-06	2.471466952704629e-07	4010	0.18258748644056472	4.46379077452344e-12	8.316042212937168e-09	3.6156705273639863e-10	4583	0.0004321454978373314
LBXBCD	LBXHGB	continuous	9.861056526971914e-10	1.73791260231353e-05	4.137887148365548e-07	4122	0.12978929968739786	4.798963991816144e-11	8.940469916753476e-08	2.554419976215279e-09	4639	0.3482735675291588
LBXVIA	LBXIRN	continuous	4.4599922918388365e-13	7.860290415136765e-09	1.1228986307338238e-09	4077	0.16380222968433192	1.3977633593337489e-08	2.6040331384387743e-05	3.3818612187516545e-07	1516	0.00658346008027259
LBXBCD	LBXHCT	continuous	2.2944765534797394e-09	4.043785477852693e-05	7.776510534332102e-07	4122	0.12110889649180293	5.857634468826842e-10	1.0912773015424405e-06	2.1397594147890993e-08	4639	0.9699393396113105
LBXVIA	LBXSGTSI	continuous	2.4613543758236636e-09	4.3378909519516244e-05	8.184699909342688e-07	4068	0.1860382551566685	2.1233527936471097e-12	3.955806254564566e-09	2.1976701414247587e-10	4558	0.007629749406252328
LBXVIA	LBXSCR	continuous	4.721681994056496e-09	8.321492346325169e-05	1.434740059711236e-06	4068	0.2192676408293408	1.6151168391017652e-13	3.0089626712465887e-10	2.5074688927054906e-11	4558	0.0032535648570930884
SMD410	LBDNENO	binary	5.008262785688074e-09	8.826562333496662e-05	1.4960275141519766e-06	4103	0.38280107409764674	2.6077643744054232e-09	4.858265029517303e-06	8.09710838252884e-08	4631	0.13484001608546795
LBXVIA	LBXSAL	continuous	4.200555228886474e-09	7.403058535389522e-05	1.346010642798095e-06	4068	0.17854057459004624	1.2823045033730205e-08	2.3889332897839372e-05	3.185244386378583e-07	4558	0.0033173472689616806
LBXBCD	LBXMCVSI	continuous	4.349266000326611e-09	7.665146398975618e-05	1.3687761426742177e-06	4122	0.11284365242472089	1.5141673641991376e-08	2.8208937995029933e-05	3.5261172493787415e-07	4639	0.8845675097695975
SMQ040	LBXHGB	categorical	1.428075137403262e-09	2.516839622159509e-05	5.72009005036252e-07	2049		4.543731340613427e-08	8.464971487562814e-05	9.20105596474219e-07	3157	
total_days_drink_year	LBDHDL	continuous	5.354017690517164e-12	9.43592077776745e-08	7.258400598282654e-09	2566	0.23350567644432352	6.473436600245877e-08	0.00012060012386258069	1.2177172400283285e-06	2832	0.0004990243434321825
SMQ040	LBDNENO	categorical	7.25060394141249e-09	0.00012778464386345372	2.022271235952468e-06	2044		1.4511009865759044e-09	2.70340113799091e-06	4.827502032126624e-08	3146	
LBXCOT	LBXSBU	continuous	8.132858814916486e-09	0.00014333350375408813	2.13930602618042e-06	4020	-0.1331623855553811	3.443257180246526e-11	6.414788126799277e-08	1.9438751899391753e-09	4583	-0.0004752327462705931
DR1TIRON	LBXHCY	continuous	7.343699449668517e-09	0.00012942535910095794	2.022271235952468e-06	3988	-0.11946665472817408	1.0866615599889942e-08	2.0244504862594962e-05	2.7357439003506703e-07	4367	-0.0069940494778544466
LBXVIE	LBDLDL	continuous	7.856692679607764e-11	1.3846635178540724e-06	6.020276164582924e-08	1832	0.3147491974873993	9.482584254174206e-08	0.00017666054465526547	1.6357457838450505e-06	2137	0.00015338225067077746
LBXCOT	LBXHCT	continuous	1.2376739194265364e-08	0.00021812765155973277	3.109960987883695e-06	4030	0.11492901206432961	3.11615650034864e-11	5.805399560149517e-08	1.814187362546724e-09	4598	0.004112094357328353
DR1TVB1	LBXHCY	continuous	1.2528780647965408e-08	0.00022080723013974236	3.109960987883695e-06	3988	-0.10062430751428382	6.6104022741696105e-09	1.2315179436777985e-05	1.7778776802261563e-07	4367	-0.06315637110385201
LBXVIA	LBXFER	continuous	1.9190908010017787e-09	3.382205627685535e-05	7.13875819769725e-07	4081	0.1274354848919058	1.0965900475258196e-07	0.0002042947258540602	1.8240600522683944e-06	1212	0.014151600674468558
taking_birth_control	LBXTIB	binary	1.3842221905247214e-08	0.0002439553188580769	3.38826831747329e-06	660	0.7688664745047387	7.462805322448114e-11	1.3903206315720838e-07	3.658738504137062e-09	748	0.1503560543534035
supplement_count	LBXHCY	continuous	1.572049597020561e-08	0.0002770580209789037	3.645500276038206e-06	4103	-0.10309952868759499	4.003670244149263e-09	7.458837664850076e-06	1.1301269189166784e-07	4511	-0.02185635010775658
LBXBCD	LBXMCHSI	continuous	1.4315004943028544e-08	0.0002522876471159351	3.425569066917285e-06	4122	0.11002623549494817	1.762113813377326e-08	3.2828180343219584e-05	3.9552024509903115e-07	4639	0.34320831942657376
cigarette_smoking	LBXHGB	binary	5.333985605333991e-10	9.400616230840625e-06	2.540707089416385e-07	2049	0.34957791604206473	1.6063457037404002e-07	0.0002992622046068366	2.5577966205712525e-06	3157	0.34428499846470173
SMD410	LBDLYMNO	binary	1.4892191941620407e-08	0.000262459990779118	3.499466543721574e-06	4103	0.3580201474969477	2.823098704326902e-08	5.259432886161018e-05	5.97662827972843e-07	4631	0.11569391250228415
SMQ040	LBXHCT	categorical	1.0463071411438801e-09	1.8440117055519743e-05	4.2883993152371495e-07	2049		1.8083569906812732e-07	0.0003368969073639212	2.8074742280326767e-06	3157	
cigarette_smoking	LBXHCT	binary	2.9465447717032965e-10	5.19299050564989e-06	1.608090146220938e-07	2049	0.33222359661375084	1.9283077179667335e-07	0.00035924372785720244	2.968956428571921e-06	3157	0.9804541393145023
LBXCOT	LBXMCVSI	continuous	2.1249400688891574e-08	0.0003744994377410251	4.458326639774108e-06	4030	0.13466340329820042	1.3712822337786025e-08	2.5546988015295364e-05	3.3614457914862324e-07	4598	0.005170702722093013
LBXCOT	LBXHCY	continuous	2.8565936012105175e-08	0.0005034460562773416	5.854023910201646e-06	4023	0.09274989268068991	7.456826905951343e-11	1.3892068525787352e-07	3.658738504137062e-09	4482	0.00034739014945156125
SMQ040	LBDLYMNO	categorical	2.9032053515081343e-08	0.0005116609111497936	5.88115989827349e-06	2044		5.983167820711112e-09	1.1146641649984803e-05	1.639212007350706e-07	3146	
LBXCOT	LBXHGB	continuous	3.562599923536846e-08	0.0006278726105241338	6.751318392732621e-06	4030	0.12216878283389056	3.89614873901967e-12	7.258525100793645e-09	3.4193817602958266e-10	4598	0.0014995348638447105
URXUPB	URXUCR	continuous	3.730243413316553e-08	0.0006574180991629093	6.8481051996136386e-06	1316	0.7179818792732555	1.268007215900704e-13	2.3622974432230113e-10	2.1475431302027377e-11	1597	0.49010604658531454
LBXLYC	LBDLDL	continuous	4.257118271686853e-08	0.000750274524202091	7.655862491858072e-06	1080	0.36033575696642817	1.7244866240543962e-12	3.21271858061334e-09	2.0079491128833374e-10	2137	0.010771801223975275
LBXRPL	LBXSTR	continuous	4.188009214699419e-08	0.0007380947439986255	7.609224164934284e-06	3781	0.2784757613124179	4.9889414341916156e-08	9.29439789189898e-05	9.783576728314717e-07	4456	0.09824741825440539
LBXVIA	LBXTIB	continuous	3.4279448099877185e-08	0.0006041409933122355	6.566749927306908e-06	4057	0.21012226740535225	1.656449249143209e-07	0.0003085964951153798	2.6152245348761e-06	1516	0.0023647653756193815
LBXVIA	LBXSCA	continuous	7.207737307152084e-08	0.0012702916230124832	1.2188184388826464e-05	4068	0.20852104399751764	3.838076379640663e-11	7.150336295270555e-08	2.103040086844281e-09	4558	0.004025397600405562
LBXGTC	LBXSIR	continuous	1.683469443536409e-08	0.0002966946547288567	3.803777624728932e-06	3900	-0.09266030116723195	6.594242442980167e-07	0.0012285073671272051	8.531301160605592e-06	4547	-0.0002983174084920718
LBXGTC	LBXSAPSI	continuous	5.3816614028224905e-08	0.0009484640056334358	9.390732729043918e-06	3900	0.14610383362572296	3.241161539990366e-07	0.0006038283949002051	4.644833806924655e-06	4550	0.0002629943674033764
URXUTL	URXUCR	continuous	9.139732368231985e-08	0.001610786432577205	1.4511589482677524e-05	1291	0.6815380820705843	1.6146147516114453e-16	3.0080272822521224e-13	1.0026757607507076e-13	1597	4.070721570994562
LBXGTC	LBXHCY	continuous	1.9248458507793742e-08	0.00033923483274135693	4.1880843548315665e-06	3904	0.09986471143292218	9.247667184077046e-07	0.0017228403963935536	1.1562687224117811e-05	4436	0.00023446933895234428
cigarette_smoking	LBDNENO	binary	6.308225957614044e-10	1.1117617427698992e-05	2.779404356924748e-07	2044	0.4910440593765739	1.1742845880529577e-06	0.00218769218754266	1.3759070361903522e-05	3146	0.09466975648219354
SMD410	LBXHCT	binary	1.3486519310308827e-07	0.002376864163248828	1.9973648430662416e-05	4123	0.24480326033808122	1.6039171762054847e-08	2.988097699270818e-05	3.644021584476607e-07	4646	1.0721555270023124
URXUHG	URXUCR	continuous	7.647934513723284e-08	0.0013478719786985916	1.2365797969711849e-05	1168	0.8601508241798868	5.721993699112423e-07	0.0010660074261446444	7.507094550314397e-06	1594	0.2097352627323667
DR1TPROT	LBXSBU	continuous	1.706695968540832e-07	0.0030078809749563623	2.395842904503367e-05	3951	0.16226642232248042	4.001119151338392e-10	7.454084978943424e-07	1.536785288018447e-08	4442	0.002208834612823723
LBXBCD	LBDLYMNO	continuous	2.405793516277392e-07	0.004239970493087276	3.080945029597353e-05	4102	0.12588611448346546	1.8468314019083848e-10	3.440646901755321e-07	7.81965204944391e-09	4624	0.07627469135844013
LBXCOT	LBXMCHSI	continuous	2.521855807134227e-07	0.004444518674493362	3.174656196066687e-05	4030	0.12753879690327033	1.0620077048423466e-08	1.9785203541212918e-05	2.7103018549606733e-07	4598	0.0019766752226619143
SMQ040	LBXSBU	categorical	1.5701770418320795e-07	0.002767280018524857	2.2498211532722413e-05	2022		1.0348845372136822e-06	0.00192798989282909	1.2519414888500583e-05	3122	
LBXVIE	LBXHCY	continuous	2.9837823394416915e-07	0.005258617995032037	3.545501927206712e-05	4044	-0.1069550884602696	7.131769893402417e-10	1.3286487311408704e-06	2.555093713732443e-08	4444	-7.173039825563845e-05
DR1TCAFF	LBXSTB	continuous	2.9928789509641344e-07	0.005274649863179191	3.545501927206712e-05	3951	-0.0638803837222272	4.701257745426892e-08	8.7584431797303e-05	9.317492744393935e-07	4439	-0.00016372872266615142
total_days_drink_year	LBXSGTSI	continuous	1.6037813473348182e-07	0.0028265042465428834	2.2794389085023253e-05	2569	0.1562602790359623	1.6112752207262916e-06	0.003001805736213081	1.7452358931471403e-05	2827	0.0009940613731352227
DR1TPOTA	URXUMA	continuous	2.398555856745224e-07	0.004227214841927783	3.080945029597353e-05	4074	-0.10368274167298505	9.338010386226411e-07	0.0017396713349539805	1.1597808899693204e-05	4577	-0.00013787987511805385
LBXBCD	LBXSBU	continuous	3.0502437067332394e-07	0.005375749508746661	3.583833005831107e-05	4069	-0.10372251958139918	1.2233510970913705e-06	0.0022791030938812233	1.4155012471485822e-05	4582	-0.07042596583939277
LBXCOT	LBXSAPSI	continuous	1.6134672712766684e-08	0.0002843574718898	3.6929541803870134e-06	4020	0.10545758419976947	4.2013783569424215e-06	0.00782716787898373	4.085969372262541e-05	4583	0.00022451325982400104
LBXGTC	LBXCRP	continuous	1.8870970652128313e-07	0.003325819867731094	2.5583229751777643e-05	3912	0.10411792442419271	3.159330566303787e-06	0.005885832845023956	3.1988221983825845e-05	4562	0.001000201642610743
SMD410	LBXMCVSI	binary	1.0666324915172107e-07	0.0018798331030499321	1.6346374809129845e-05	4123	0.3128873880471564	4.478390838671203e-06	0.00834324213244445	4.2898633953065114e-05	4646	1.2892480557478772
SMQ020	LBDLYMNO	binary	4.883890967686926e-08	0.0008607369441451439	8.60736944145144e-06	3865	0.28440777014702084	5.106557627279106e-06	0.009513516859620975	4.756758429810487e-05	4376	0.0816761770883143
SMD410	LBXSGTSI	binary	4.001788099808376e-07	0.007052751347102282	4.5797086669495334e-05	4069	0.3025174991649733	1.94031350260562e-06	0.00361480405535427	2.065602317345297e-05	4586	0.13734029374741374
URXUPB	URXUMA	continuous	7.3349756356883e-07	0.01292716106033706	7.740815006189855e-05	1316	0.37769965008527273	1.494466193733354e-10	2.784190518925239e-07	6.629025045060092e-09	1597	0.5234741359936133
LBXBCD	LBDNENO	continuous	7.637382180886894e-07	0.013460122355595062	7.964569441180509e-05	4102	0.12977958599898468	1.840813552154511e-08	3.429435647663854e-05	4.082661485314112e-07	4624	0.09083741214177327
DR1TVB2	LBXSUA	continuous	2.4124512828213506e-07	0.004251704140844349	3.080945029597353e-05	3951	-0.08273895197425939	4.992764246209576e-06	0.009301519790688441	4.697737268024465e-05	4441	-0.10207524489730467
LBXCOT	LBDNENO	continuous	7.936386417396468e-07	0.013987087422019536	8.227698483540903e-05	4010	0.168034349373665	8.91564370751665e-11	1.660984422710352e-07	4.152461056775879e-09	4583	0.0005323234756618098
SMD410	LBXSBU	binary	8.571627777900573e-07	0.015106636795771969	8.732159997556051e-05	4069	-0.2606232331656222	3.6238425763557446e-09	6.751218719750752e-06	1.054877924961055e-07	4586	-0.12892314006411024
cigarette_smoking	LBDLYMNO	binary	1.944282759245733e-09	3.42660393489468e-05	7.13875819769725e-07	2044	0.5087533510460984	8.429632280622682e-06	0.015704404938800057	7.106065583167446e-05	3146	0.09174218900683097
URXUPB	URXUMASI	continuous	7.234470104335646e-07	0.012750030111881142	7.6807410312537e-05	1316	0.37824882801164766	2.3363909545802157e-06	0.004352696348382942	2.4181646379905232e-05	806	0.5410953683783201
total_days_drink_year	LBXMCVSI	continuous	2.473031741919911e-11	4.3584711419596514e-07	2.8973855698655263e-08	2603	0.16340747747261902	9.383952050300037e-06	0.01748230266970897	7.667676609521478e-05	2849	0.005810281811979061
LBXLUZ	LBDHDL	continuous	1.0188388107890028e-06	0.017956015201345384	9.975564000747435e-05	2355	0.23009778724895602	2.944158732586104e-10	5.484967718807912e-07	1.218881715290647e-08	4568	0.0060612398519356925
total_days_drink_year	LBXMCHSI	continuous	1.3084211583245951e-11	2.3059614494312664e-07	1.6471153210223332e-08	2603	0.15919732208711038	1.132287014533341e-05	0.02109450708075614	8.938350457947517e-05	2849	0.0023976726626201467
LBXGTC	LBDHDL	continuous	5.459397241997393e-07	0.009621641699296206	6.013526062060128e-05	3899	-0.10170854023360174	6.254728323169997e-06	0.011652558866065704	5.6565819738183025e-05	4560	-0.00024189791513375283
LBXRBF	LBXHCY	continuous	1.3952465723005025e-06	0.024589825590224056	0.00013103633755656374	4104	-0.15557390438118207	2.5694050218303138e-11	4.786801555669874e-08	1.5441295340870563e-09	4467	-0.000488913869777869
DR1TVB2	LBXHCY	continuous	1.5059689291169605e-06	0.02654119640675731	0.000138959143490876	3988	-0.10809488967411057	1.9504469103901116e-08	3.6336825940567776e-05	4.2749206988903267e-07	4367	-0.04483630000587091
URXUTL	URXUMA	continuous	1.5556978367192722e-06	0.027417618674340453	0.00014280009726218987	1291	0.3446407401507611	3.1881077739418488e-12	5.939444782853664e-09	3.057584000285894e-10	1597	3.91435539099939
SMD410	LBXHGB	binary	1.5926123518265087e-06	0.02806820008859039	0.0001447638709347635	4123	0.2527322003330791	6.898945958391069e-08	0.00012852736320482562	1.2478384777167536e-06	4646	0.36202880670542315
SMQ040	LBXMCVSI	categorical	1.739422211657915e-06	0.030655577058259095	0.00015432552288538153	2049		8.834619456552058e-09	1.6458896047556484e-05	2.285957784382845e-07	3157	
URXUMO	URXUCR	continuous	1.8689207420200131e-06	0.032937859157360715	0.0001637381561442061	1275	0.4325777671432232	7.136916130743103e-12	1.3296074751574401e-08	5.31842990062976e-10	1597	0.007435282160967457
LBXBEC	LBXHCY	continuous	1.8767083262102604e-06	0.03307510754112963	0.0001637381561442061	2360	-0.09893173124832977	3.518805464306621e-09	6.555534580003235e-06	1.040561044444958e-07	4444	-0.0021724884477190448
LBXGTC	LBXGH	continuous	1.2071530575089977e-06	0.021274865485538575	0.00011515851629305911	3912	0.16430001771301214	7.268133333014181e-06	0.013540532399405418	6.297922046235079e-05	4557	0.00011855490645265343
SMQ020	LBDNENO	binary	2.0669697710582716e-06	0.03642827524513098	0.0001734679773577666	3865	0.24457881035171888	2.8938609944108356e-08	5.391263032587387e-05	6.057598913019536e-07	4376	0.09405345483574093
SMQ020	LBXMCVSI	binary	2.078446772561799e-06	0.036630545919629144	0.00017360448303141776	3884	0.22742070541015208	8.894802623131038e-11	1.6571017286893125e-07	4.152461056775879e-09	4391	1.431745093403199
LBXCOT	LBDEONO	continuous	2.191251188010827e-06	0.03861861093750281	0.0001782186641784749	4010	0.07831506313740114	2.9330724671956083e-07	0.0005464314006385419	4.268995317488608e-06	4583	9.053868464926074e-05
SMQ040	LBXMCHSI	categorical	2.3045830035247045e-06	0.040615970854119395	0.00018631179290880457	2049		5.576349095807988e-08	0.00010388738365490281	1.0600753434173757e-06	3157	
DR1TPROT	LBXHCY	continuous	2.721396566122999e-06	0.04796189308135173	0.00021411559411317738	3988	-0.085843960243212	6.436204568637479e-06	0.011990649111371623	5.7647351496978956e-05	4367	-0.0012675420154149145
URXUTL	URXUMASI	continuous	1.6598309208418024e-06	0.029252860148915927	0.0001500146674303381	1291	0.3450952429728698	2.0648417058524207e-05	0.0384680009800306	0.0001473869769349831	806	3.9657923986836066
